Key 	Sumreduction
0	63
4	107
8	44
12	111
16	69
20	89
24	90
28	33
32	21
36	61
40	60
44	114
48	36
52	112
56	83
60	74
64	60
68	77
72	100
76	98
80	89
84	51
88	59
92	137
96	46
100	55
104	30
108	89
112	108
116	70
120	47
124	44
128	110
132	135
136	122
140	73
144	95
148	117
152	100
156	78
160	95
164	88
168	109
172	62
176	50
180	111
184	141
188	151
192	72
196	77
200	64
204	39
208	83
212	100
216	104
220	81
224	49
228	83
232	97
236	95
240	33
244	42
248	76
252	118
256	59
260	84
264	60
268	72
272	84
276	79
280	54
284	74
288	48
292	130
296	41
300	103
304	110
308	65
312	121
316	62
320	65
324	55
328	57
332	71
336	115
340	148
344	54
348	111
352	27
356	104
360	106
364	100
368	57
372	31
376	98
380	103
384	79
388	81
392	109
396	64
400	39
404	68
408	75
412	54
416	125
420	55
424	71
428	113
432	41
436	120
440	53
444	96
448	80
452	86
456	122
460	83
464	52
468	106
472	87
476	57
480	81
484	97
488	26
492	72
496	96
500	91
504	64
508	19
512	115
516	111
520	119
524	70
528	38
532	97
536	66
540	88
544	123
548	37
552	83
556	65
560	176
564	72
568	134
572	72
576	73
580	79
584	59
588	146
592	164
596	86
600	119
604	62
608	93
612	72
616	99
620	64
624	44
628	67
632	70
636	40
640	55
644	107
648	127
652	38
656	116
660	103
664	136
668	66
672	69
676	61
680	57
684	113
688	122
692	67
696	109
700	99
704	84
708	77
712	32
716	76
720	76
724	82
728	115
732	73
736	102
740	81
744	75
748	111
752	46
756	93
760	92
764	102
768	95
772	90
776	87
780	55
784	157
788	134
792	77
796	110
800	63
804	116
808	76
812	81
816	72
820	131
824	112
828	68
832	91
836	175
840	30
844	58
848	81
852	51
856	83
860	118
864	98
868	84
872	70
876	58
880	51
884	57
888	87
892	127
896	72
900	51
904	144
908	85
912	24
916	69
920	83
924	63
928	56
932	116
936	131
940	55
944	51
948	113
952	128
956	59
960	66
964	76
968	52
972	75
976	109
980	87
984	111
988	90
992	96
996	143
1000	79
1004	69
1008	69
1012	48
1016	119
1020	81
1024	27
1028	82
1032	20
1036	95
1040	120
1044	75
1048	66
1052	141
1056	115
1060	59
1064	83
1068	50
1072	52
1076	62
1080	89
1084	128
1088	133
1092	52
1096	54
1100	128
1104	110
1108	92
1112	91
1116	35
1120	129
1124	131
1128	86
1132	124
1136	84
1140	84
1144	133
1148	76
1152	94
1156	91
1160	105
1164	68
1168	105
1172	52
1176	137
1180	96
1184	48
1188	57
1192	83
1196	38
1200	83
1204	112
1208	41
1212	67
1216	105
1220	74
1224	103
1228	59
1232	103
1236	73
1240	52
1244	99
1248	40
1252	64
1256	76
1260	45
1264	100
1268	54
1272	64
1276	38
1280	66
1284	72
1288	84
1292	43
1296	85
1300	81
1304	66
1308	75
1312	47
1316	60
1320	89
1324	93
1328	89
1332	101
1336	49
1340	106
1344	74
1348	113
1352	60
1356	105
1360	42
1364	99
1368	88
1372	61
1376	25
1380	50
1384	64
1388	61
1392	121
1396	62
1400	87
1404	92
1408	82
1412	56
1416	86
1420	93
1424	112
1428	112
1432	93
1436	29
1440	109
1444	56
1448	49
1452	30
1456	61
1460	84
1464	74
1468	62
1472	81
1476	71
1480	63
1484	64
1488	64
1492	102
1496	35
1500	67
1504	34
1508	95
1512	51
1516	72
1520	82
1524	48
1528	130
1532	118
1536	74
1540	108
1544	75
1548	85
1552	133
1556	146
1560	105
1564	118
1568	68
1572	111
1576	90
1580	114
1584	65
1588	60
1592	27
1596	70
1600	70
1604	83
1608	106
1612	87
1616	66
1620	67
1624	85
1628	111
1632	135
1636	79
1640	77
1644	83
1648	48
1652	38
1656	106
1660	52
1664	66
1668	88
1672	59
1676	101
1680	81
1684	96
1688	133
1692	84
1696	80
1700	50
1704	58
1708	104
1712	80
1716	62
1720	92
1724	34
1728	78
1732	109
1736	39
1740	103
1744	25
1748	94
1752	83
1756	98
1760	86
1764	104
1768	128
1772	51
1776	63
1780	130
1784	120
1788	94
1792	68
1796	43
1800	85
1804	107
1808	80
1812	49
1816	90
1820	38
1824	111
1828	71
1832	81
1836	32
1840	133
1844	78
1848	71
1852	129
1856	77
1860	67
1864	97
1868	59
1872	105
1876	72
1880	120
1884	80
1888	132
1892	90
1896	96
1900	101
1904	32
1908	81
1912	99
1916	101
1920	57
1924	97
1928	67
1932	100
1936	52
1940	82
1944	78
1948	90
1952	84
1956	108
1960	110
1964	66
1968	73
1972	96
1976	91
1980	66
1984	103
1988	65
1992	83
1996	72
2000	59
2004	100
2008	30
2012	82
2016	68
2020	64
2024	111
2028	125
2032	104
2036	50
2040	109
2044	45
2048	79
2052	87
2056	193
2060	65
2064	118
2068	52
2072	91
2076	61
2080	33
2084	49
2088	46
2092	89
2096	84
2100	59
2104	46
2108	153
2112	88
2116	99
2120	62
2124	76
2128	117
2132	66
2136	61
2140	85
2144	85
2148	103
2152	82
2156	93
2160	46
2164	109
2168	69
2172	52
2176	109
2180	55
2184	74
2188	34
2192	88
2196	40
2200	45
2204	75
2208	101
2212	67
2216	54
2220	65
2224	74
2228	94
2232	39
2236	72
2240	85
2244	31
2248	75
2252	64
2256	81
2260	57
2264	92
2268	139
2272	97
2276	45
2280	59
2284	100
2288	143
2292	114
2296	73
2300	134
2304	72
2308	47
2312	22
2316	43
2320	84
2324	93
2328	82
2332	80
2336	84
2340	52
2344	37
2348	76
2352	66
2356	65
2360	134
2364	89
2368	86
2372	21
2376	119
2380	74
2384	107
2388	59
2392	82
2396	108
2400	70
2404	96
2408	110
2412	25
2416	40
2420	105
2424	154
2428	69
2432	53
2436	37
2440	117
2444	95
2448	45
2452	85
2456	43
2460	52
2464	96
2468	64
2472	85
2476	95
2480	18
2484	101
2488	54
2492	85
2496	113
2500	25
2504	25
2508	162
2512	73
2516	86
2520	23
2524	87
2528	26
2532	54
2536	76
2540	49
2544	70
2548	100
2552	118
2556	61
2560	51
2564	75
2568	114
2572	59
2576	70
2580	85
2584	83
2588	106
2592	92
2596	53
2600	125
2604	84
2608	93
2612	81
2616	49
2620	46
2624	93
2628	74
2632	77
2636	100
2640	106
2644	116
2648	75
2652	96
2656	116
2660	129
2664	92
2668	29
2672	94
2676	131
2680	25
2684	127
2688	49
2692	93
2696	121
2700	17
2704	50
2708	143
2712	105
2716	91
2720	83
2724	95
2728	80
2732	113
2736	62
2740	115
2744	103
2748	32
2752	104
2756	125
2760	79
2764	66
2768	92
2772	59
2776	85
2780	60
2784	99
2788	136
2792	120
2796	105
2800	60
2804	46
2808	18
2812	94
2816	23
2820	78
2824	47
2828	124
2832	67
2836	123
2840	83
2844	75
2848	60
2852	101
2856	39
2860	55
2864	96
2868	73
2872	33
2876	98
2880	130
2884	64
2888	67
2892	97
2896	68
2900	76
2904	81
2908	49
2912	104
2916	36
2920	87
2924	65
2928	95
2932	109
2936	20
2940	84
2944	85
2948	91
2952	91
2956	89
2960	139
2964	56
2968	56
2972	50
2976	94
2980	86
2984	51
2988	103
2992	100
2996	88
3000	63
3004	46
3008	80
3012	117
3016	51
3020	82
3024	68
3028	87
3032	57
3036	71
3040	55
3044	35
3048	29
3052	35
3056	58
3060	105
3064	63
3068	69
3072	73
3076	90
3080	89
3084	60
3088	51
3092	87
3096	52
3100	50
3104	60
3108	62
3112	102
3116	90
3120	75
3124	89
3128	88
3132	76
3136	40
3140	66
3144	96
3148	124
3152	97
3156	55
3160	74
3164	77
3168	82
3172	61
3176	117
3180	71
3184	42
3188	72
3192	39
3196	123
3200	81
3204	117
3208	69
3212	69
3216	57
3220	44
3224	50
3228	99
3232	39
3236	66
3240	137
3244	63
3248	93
3252	84
3256	74
3260	67
3264	77
3268	81
3272	46
3276	104
3280	85
3284	115
3288	151
3292	64
3296	72
3300	100
3304	59
3308	61
3312	91
3316	127
3320	55
3324	105
3328	108
3332	77
3336	115
3340	42
3344	71
3348	70
3352	50
3356	64
3360	114
3364	103
3368	57
3372	93
3376	107
3380	46
3384	112
3388	76
3392	87
3396	90
3400	53
3404	110
3408	50
3412	135
3416	68
3420	70
3424	41
3428	100
3432	69
3436	106
3440	27
3444	83
3448	91
3452	70
3456	55
3460	87
3464	80
3468	118
3472	76
3476	104
3480	68
3484	113
3488	113
3492	79
3496	102
3500	102
3504	106
3508	66
3512	100
3516	52
3520	61
3524	64
3528	111
3532	87
3536	164
3540	39
3544	47
3548	91
3552	166
3556	125
3560	87
3564	72
3568	52
3572	47
3576	40
3580	117
3584	77
3588	74
3592	19
3596	52
3600	170
3604	46
3608	103
3612	92
3616	78
3620	37
3624	115
3628	25
3632	64
3636	78
3640	62
3644	71
3648	70
3652	67
3656	58
3660	92
3664	48
3668	129
3672	70
3676	46
3680	93
3684	119
3688	101
3692	93
3696	68
3700	94
3704	65
3708	75
3712	85
3716	45
3720	72
3724	80
3728	156
3732	57
3736	73
3740	86
3744	131
3748	92
3752	62
3756	94
3760	137
3764	72
3768	99
3772	114
3776	76
3780	51
3784	61
3788	72
3792	47
3796	69
3800	25
3804	64
3808	50
3812	88
3816	74
3820	48
3824	101
3828	76
3832	53
3836	72
3840	61
3844	35
3848	99
3852	74
3856	46
3860	57
3864	125
3868	69
3872	106
3876	78
3880	67
3884	66
3888	99
3892	118
3896	61
3900	58
3904	41
3908	50
3912	59
3916	82
3920	73
3924	65
3928	80
3932	58
3936	82
3940	72
3944	74
3948	63
3952	122
3956	83
3960	71
3964	48
3968	44
3972	59
3976	49
3980	91
3984	63
3988	135
3992	87
3996	72
4000	63
4004	49
4008	110
4012	56
4016	75
4020	67
4024	62
4028	73
4032	62
4036	90
4040	63
4044	39
4048	140
4052	70
4056	94
4060	41
4064	62
4068	47
4072	91
4076	64
4080	120
4084	38
4088	90
4092	51
4096	50
4100	52
4104	92
4108	87
4112	89
4116	39
4120	92
4124	57
4128	97
4132	107
4136	77
4140	55
4144	39
4148	97
4152	106
4156	122
4160	73
4164	68
4168	67
4172	50
4176	66
4180	96
4184	86
4188	27
4192	88
4196	91
4200	31
4204	121
4208	25
4212	92
4216	62
4220	150
4224	49
4228	47
4232	63
4236	91
4240	69
4244	66
4248	120
4252	20
4256	66
4260	143
4264	71
4268	73
4272	75
4276	83
4280	98
4284	61
4288	118
4292	37
4296	135
4300	103
4304	107
4308	87
4312	49
4316	118
4320	67
4324	127
4328	121
4332	108
4336	69
4340	128
4344	53
4348	59
4352	64
4356	103
4360	123
4364	73
4368	75
4372	49
4376	83
4380	79
4384	40
4388	117
4392	71
4396	126
4400	51
4404	67
4408	99
4412	115
4416	65
4420	52
4424	75
4428	52
4432	79
4436	74
4440	104
4444	67
4448	37
4452	51
4456	54
4460	49
4464	41
4468	58
4472	32
4476	75
4480	76
4484	106
4488	69
4492	113
4496	160
4500	105
4504	98
4508	57
4512	72
4516	124
4520	50
4524	154
4528	60
4532	91
4536	129
4540	61
4544	79
4548	113
4552	39
4556	94
4560	129
4564	82
4568	94
4572	102
4576	58
4580	76
4584	41
4588	151
4592	195
4596	119
4600	86
4604	86
4608	67
4612	90
4616	92
4620	51
4624	68
4628	87
4632	16
4636	93
4640	78
4644	77
4648	46
4652	69
4656	114
4660	73
4664	99
4668	42
4672	60
4676	62
4680	93
4684	80
4688	98
4692	87
4696	91
4700	115
4704	118
4708	100
4712	63
4716	70
4720	70
4724	57
4728	92
4732	60
4736	41
4740	39
4744	68
4748	70
4752	139
4756	52
4760	99
4764	77
4768	63
4772	157
4776	14
4780	51
4784	132
4788	109
4792	107
4796	32
4800	82
4804	93
4808	57
4812	83
4816	80
4820	101
4824	124
4828	78
4832	114
4836	53
4840	54
4844	66
4848	15
4852	65
4856	91
4860	100
4864	87
4868	68
4872	59
4876	50
4880	101
4884	71
4888	40
4892	51
4896	102
4900	79
4904	63
4908	49
4912	135
4916	95
4920	57
4924	97
4928	107
4932	98
4936	70
4940	82
4944	39
4948	104
4952	23
4956	116
4960	75
4964	41
4968	87
4972	25
4976	55
4980	137
4984	66
4988	70
4992	92
4996	116
5000	94
5004	77
5008	59
5012	32
5016	79
5020	142
5024	42
5028	33
5032	69
5036	68
5040	67
5044	90
5048	24
5052	87
5056	104
5060	59
5064	88
5068	41
5072	53
5076	76
5080	90
5084	22
5088	144
5092	65
5096	71
5100	92
5104	61
5108	103
5112	64
5116	79
5120	89
5124	73
5128	28
5132	120
5136	44
5140	45
5144	17
5148	40
5152	99
5156	77
5160	106
5164	113
5168	100
5172	50
5176	73
5180	137
5184	59
5188	99
5192	92
5196	72
5200	62
5204	140
5208	78
5212	55
5216	90
5220	54
5224	73
5228	56
5232	87
5236	98
5240	76
5244	83
5248	62
5252	120
5256	136
5260	127
5264	21
5268	77
5272	78
5276	80
5280	16
5284	81
5288	131
5292	105
5296	71
5300	96
5304	126
5308	143
5312	25
5316	90
5320	58
5324	74
5328	62
5332	58
5336	103
5340	160
5344	96
5348	85
5352	102
5356	136
5360	83
5364	124
5368	126
5372	43
5376	64
5380	70
5384	58
5388	72
5392	35
5396	74
5400	101
5404	74
5408	76
5412	56
5416	110
5420	84
5424	82
5428	96
5432	25
5436	91
5440	96
5444	76
5448	46
5452	81
5456	79
5460	73
5464	71
5468	100
5472	59
5476	62
5480	106
5484	73
5488	63
5492	91
5496	98
5500	104
5504	52
5508	85
5512	87
5516	62
5520	110
5524	124
5528	85
5532	87
5536	30
5540	67
5544	74
5548	103
5552	43
5556	57
5560	106
5564	86
5568	79
5572	177
5576	76
5580	91
5584	66
5588	47
5592	89
5596	74
5600	74
5604	67
5608	104
5612	37
5616	86
5620	42
5624	80
5628	88
5632	73
5636	44
5640	99
5644	86
5648	110
5652	56
5656	77
5660	67
5664	79
5668	60
5672	81
5676	58
5680	51
5684	49
5688	46
5692	73
5696	77
5700	106
5704	63
5708	58
5712	113
5716	110
5720	43
5724	85
5728	104
5732	127
5736	51
5740	71
5744	94
5748	107
5752	56
5756	139
5760	105
5764	88
5768	91
5772	116
5776	65
5780	97
5784	132
5788	64
5792	50
5796	108
5800	46
5804	96
5808	71
5812	96
5816	81
5820	85
5824	70
5828	57
5832	39
5836	30
5840	87
5844	183
5848	58
5852	68
5856	81
5860	113
5864	62
5868	99
5872	116
5876	85
5880	119
5884	119
5888	126
5892	74
5896	119
5900	35
5904	81
5908	50
5912	56
5916	100
5920	73
5924	151
5928	102
5932	81
5936	84
5940	39
5944	69
5948	88
5952	73
5956	120
5960	90
5964	51
5968	69
5972	68
5976	97
5980	68
5984	93
5988	115
5992	25
5996	95
6000	40
6004	122
6008	91
6012	146
6016	82
6020	77
6024	45
6028	73
6032	98
6036	79
6040	39
6044	95
6048	84
6052	118
6056	102
6060	122
6064	79
6068	67
6072	71
6076	51
6080	99
6084	99
6088	74
6092	98
6096	59
6100	89
6104	80
6108	60
6112	47
6116	106
6120	103
6124	67
6128	25
6132	111
6136	55
6140	100
6144	35
6148	96
6152	109
6156	98
6160	99
6164	75
6168	115
6172	76
6176	66
6180	52
6184	33
6188	64
6192	32
6196	159
6200	64
6204	87
6208	72
6212	90
6216	54
6220	114
6224	96
6228	86
6232	38
6236	83
6240	109
6244	87
6248	61
6252	88
6256	113
6260	78
6264	90
6268	42
6272	85
6276	46
6280	54
6284	59
6288	53
6292	102
6296	74
6300	64
6304	35
6308	79
6312	64
6316	69
6320	80
6324	26
6328	96
6332	78
6336	90
6340	46
6344	76
6348	121
6352	50
6356	71
6360	83
6364	87
6368	32
6372	90
6376	83
6380	96
6384	56
6388	37
6392	85
6396	70
6400	68
6404	118
6408	95
6412	56
6416	66
6420	89
6424	92
6428	43
6432	59
6436	67
6440	90
6444	76
6448	64
6452	59
6456	46
6460	38
6464	84
6468	58
6472	115
6476	105
6480	86
6484	70
6488	100
6492	67
6496	48
6500	54
6504	79
6508	69
6512	81
6516	60
6520	23
6524	119
6528	83
6532	45
6536	105
6540	143
6544	79
6548	39
6552	92
6556	119
6560	56
6564	66
6568	63
6572	84
6576	98
6580	91
6584	79
6588	66
6592	97
6596	96
6600	39
6604	81
6608	46
6612	107
6616	52
6620	34
6624	87
6628	74
6632	105
6636	88
6640	87
6644	97
6648	123
6652	132
6656	59
6660	58
6664	61
6668	131
6672	114
6676	69
6680	95
6684	103
6688	58
6692	110
6696	80
6700	87
6704	63
6708	124
6712	80
6716	70
6720	85
6724	50
6728	79
6732	85
6736	42
6740	71
6744	59
6748	54
6752	44
6756	47
6760	92
6764	78
6768	58
6772	192
6776	51
6780	65
6784	103
6788	77
6792	79
6796	65
6800	94
6804	119
6808	138
6812	118
6816	150
6820	116
6824	81
6828	89
6832	63
6836	45
6840	55
6844	64
6848	70
6852	103
6856	138
6860	82
6864	70
6868	69
6872	110
6876	88
6880	67
6884	84
6888	54
6892	44
6896	100
6900	60
6904	69
6908	41
6912	93
6916	52
6920	100
6924	87
6928	138
6932	74
6936	47
6940	55
6944	73
6948	68
6952	59
6956	83
6960	44
6964	67
6968	68
6972	74
6976	123
6980	47
6984	70
6988	111
6992	77
6996	96
7000	13
7004	125
7008	86
7012	10
7016	78
7020	91
7024	76
7028	52
7032	81
7036	155
7040	94
7044	54
7048	64
7052	26
7056	99
7060	12
7064	93
7068	110
7072	66
7076	89
7080	113
7084	63
7088	144
7092	51
7096	94
7100	65
7104	64
7108	60
7112	51
7116	115
7120	71
7124	98
7128	52
7132	78
7136	42
7140	33
7144	46
7148	80
7152	38
7156	49
7160	76
7164	87
7168	71
7172	86
7176	121
7180	109
7184	89
7188	82
7192	48
7196	75
7200	76
7204	70
7208	80
7212	58
7216	74
7220	74
7224	53
7228	56
7232	47
7236	100
7240	111
7244	45
7248	102
7252	80
7256	116
7260	100
7264	38
7268	95
7272	71
7276	104
7280	71
7284	69
7288	87
7292	68
7296	127
7300	130
7304	51
7308	82
7312	118
7316	113
7320	57
7324	117
7328	78
7332	130
7336	35
7340	63
7344	71
7348	105
7352	66
7356	50
7360	87
7364	75
7368	39
7372	51
7376	71
7380	67
7384	144
7388	139
7392	98
7396	57
7400	38
7404	115
7408	92
7412	138
7416	68
7420	67
7424	105
7428	121
7432	95
7436	30
7440	67
7444	80
7448	115
7452	105
7456	106
7460	49
7464	61
7468	121
7472	72
7476	60
7480	62
7484	70
7488	62
7492	68
7496	170
7500	55
7504	60
7508	87
7512	108
7516	77
7520	145
7524	100
7528	101
7532	114
7536	126
7540	55
7544	83
7548	133
7552	85
7556	32
7560	115
7564	136
7568	103
7572	77
7576	82
7580	94
7584	56
7588	97
7592	63
7596	64
7600	71
7604	22
7608	31
7612	65
7616	43
7620	84
7624	92
7628	97
7632	59
7636	46
7640	95
7644	58
7648	53
7652	56
7656	87
7660	113
7664	58
7668	81
7672	79
7676	62
7680	115
7684	84
7688	33
7692	59
7696	98
7700	84
7704	26
7708	40
7712	119
7716	73
7720	73
7724	152
7728	106
7732	45
7736	49
7740	82
7744	55
7748	91
7752	81
7756	69
7760	30
7764	63
7768	91
7772	86
7776	54
7780	114
7784	68
7788	29
7792	76
7796	79
7800	105
7804	136
7808	71
7812	89
7816	36
7820	54
7824	80
7828	89
7832	114
7836	104
7840	116
7844	69
7848	76
7852	71
7856	77
7860	65
7864	63
7868	80
7872	88
7876	111
7880	144
7884	55
7888	94
7892	101
7896	51
7900	55
7904	61
7908	60
7912	124
7916	32
7920	32
7924	90
7928	65
7932	87
7936	123
7940	83
7944	129
7948	53
7952	80
7956	152
7960	68
7964	45
7968	77
7972	86
7976	78
7980	96
7984	52
7988	85
7992	54
7996	87
8000	65
8004	85
8008	103
8012	133
8016	76
8020	119
8024	64
8028	73
8032	106
8036	79
8040	41
8044	119
8048	89
8052	125
8056	140
8060	40
8064	19
8068	59
8072	89
8076	129
8080	75
8084	97
8088	63
8092	75
8096	79
8100	80
8104	89
8108	100
8112	83
8116	156
8120	101
8124	58
8128	85
8132	96
8136	90
8140	95
8144	57
8148	88
8152	106
8156	159
8160	110
8164	64
8168	111
8172	69
8176	72
8180	52
8184	50
8188	52
8192	130
8196	100
8200	60
8204	88
8208	37
8212	21
8216	63
8220	109
8224	3
8228	108
8232	101
8236	78
8240	79
8244	82
8248	119
8252	84
8256	85
8260	119
8264	98
8268	23
8272	39
8276	82
8280	49
8284	108
8288	49
8292	100
8296	45
8300	83
8304	134
8308	105
8312	73
8316	123
8320	82
8324	70
8328	73
8332	96
8336	56
8340	97
8344	106
8348	98
8352	76
8356	45
8360	51
8364	71
8368	128
8372	65
8376	37
8380	102
8384	91
8388	71
8392	49
8396	25
8400	119
8404	101
8408	99
8412	69
8416	94
8420	102
8424	51
8428	85
8432	66
8436	74
8440	148
8444	48
8448	80
8452	59
8456	41
8460	106
8464	37
8468	62
8472	89
8476	49
8480	38
8484	75
8488	128
8492	79
8496	83
8500	96
8504	64
8508	72
8512	124
8516	63
8520	80
8524	49
8528	74
8532	60
8536	93
8540	108
8544	111
8548	59
8552	78
8556	56
8560	138
8564	116
8568	110
8572	60
8576	76
8580	129
8584	54
8588	62
8592	82
8596	84
8600	74
8604	133
8608	75
8612	67
8616	72
8620	86
8624	81
8628	78
8632	55
8636	75
8640	63
8644	51
8648	109
8652	71
8656	41
8660	37
8664	36
8668	84
8672	144
8676	37
8680	86
8684	68
8688	71
8692	100
8696	97
8700	60
8704	83
8708	107
8712	85
8716	86
8720	92
8724	88
8728	92
8732	102
8736	79
8740	145
8744	40
8748	75
8752	119
8756	47
8760	50
8764	90
8768	83
8772	73
8776	89
8780	63
8784	54
8788	85
8792	42
8796	99
8800	19
8804	72
8808	78
8812	130
8816	85
8820	85
8824	42
8828	42
8832	82
8836	83
8840	86
8844	63
8848	126
8852	94
8856	102
8860	62
8864	78
8868	88
8872	99
8876	107
8880	146
8884	95
8888	93
8892	81
8896	67
8900	126
8904	97
8908	102
8912	89
8916	113
8920	124
8924	66
8928	67
8932	28
8936	45
8940	51
8944	100
8948	95
8952	71
8956	77
8960	77
8964	57
8968	69
8972	64
8976	68
8980	83
8984	130
8988	42
8992	41
8996	80
9000	78
9004	62
9008	111
9012	58
9016	65
9020	73
9024	61
9028	58
9032	63
9036	86
9040	93
9044	74
9048	68
9052	79
9056	62
9060	79
9064	101
9068	74
9072	71
9076	55
9080	40
9084	54
9088	86
9092	44
9096	121
9100	76
9104	88
9108	45
9112	80
9116	34
9120	77
9124	144
9128	62
9132	88
9136	73
9140	67
9144	73
9148	97
9152	115
9156	118
9160	84
9164	31
9168	70
9172	75
9176	70
9180	84
9184	64
9188	78
9192	79
9196	83
9200	75
9204	103
9208	38
9212	59
9216	56
9220	45
9224	116
9228	154
9232	98
9236	152
9240	41
9244	109
9248	50
9252	17
9256	154
9260	54
9264	37
9268	79
9272	126
9276	92
9280	99
9284	72
9288	108
9292	75
9296	85
9300	115
9304	61
9308	111
9312	77
9316	106
9320	73
9324	73
9328	102
9332	40
9336	96
9340	27
9344	82
9348	42
9352	59
9356	94
9360	142
9364	39
9368	98
9372	96
9376	113
9380	61
9384	89
9388	142
9392	51
9396	164
9400	95
9404	25
9408	104
9412	85
9416	125
9420	137
9424	99
9428	113
9432	68
9436	52
9440	94
9444	85
9448	68
9452	73
9456	38
9460	113
9464	59
9468	67
9472	68
9476	58
9480	94
9484	45
9488	118
9492	86
9496	116
9500	98
9504	122
9508	56
9512	92
9516	76
9520	69
9524	85
9528	123
9532	118
9536	49
9540	50
9544	77
9548	94
9552	48
9556	70
9560	51
9564	51
9568	70
9572	57
9576	56
9580	95
9584	106
9588	68
9592	88
9596	68
9600	120
9604	64
9608	96
9612	38
9616	33
9620	26
9624	123
9628	89
9632	66
9636	73
9640	76
9644	70
9648	87
9652	83
9656	105
9660	20
9664	64
9668	112
9672	86
9676	24
9680	74
9684	94
9688	73
9692	46
9696	65
9700	83
9704	136
9708	75
9712	100
9716	81
9720	116
9724	39
9728	89
9732	72
9736	87
9740	81
9744	52
9748	108
9752	90
9756	61
9760	111
9764	59
9768	81
9772	83
9776	68
9780	83
9784	109
9788	75
9792	89
9796	55
9800	84
9804	43
9808	107
9812	56
9816	54
9820	73
9824	78
9828	86
9832	47
9836	89
9840	76
9844	77
9848	44
9852	70
9856	112
9860	125
9864	88
9868	61
9872	53
9876	103
9880	63
9884	58
9888	124
9892	68
9896	52
9900	94
9904	42
9908	101
9912	10
9916	90
9920	160
9924	65
9928	40
9932	31
9936	49
9940	74
9944	87
9948	92
9952	160
9956	56
9960	42
9964	78
9968	74
9972	48
9976	100
9980	41
9984	29
9988	78
9992	94
9996	43
1	79
5	103
9	61
13	52
17	51
21	64
25	76
29	39
33	67
37	119
41	83
45	65
49	69
53	58
57	86
61	55
65	105
69	89
73	87
77	64
81	59
85	72
89	120
93	115
97	64
101	110
105	63
109	85
113	79
117	47
121	96
125	112
129	80
133	97
137	64
141	45
145	138
149	114
153	81
157	52
161	85
165	89
169	71
173	76
177	113
181	82
185	73
189	93
193	30
197	79
201	68
205	59
209	92
213	102
217	85
221	52
225	73
229	107
233	81
237	75
241	105
245	61
249	73
253	102
257	90
261	108
265	60
269	51
273	102
277	90
281	139
285	97
289	56
293	81
297	146
301	88
305	104
309	60
313	69
317	61
321	93
325	124
329	72
333	78
337	64
341	65
345	77
349	75
353	115
357	67
361	127
365	72
369	51
373	58
377	63
381	87
385	85
389	108
393	64
397	50
401	56
405	98
409	77
413	68
417	90
421	61
425	81
429	71
433	55
437	77
441	86
445	48
449	57
453	41
457	34
461	94
465	80
469	80
473	44
477	91
481	43
485	79
489	88
493	88
497	97
501	82
505	114
509	98
513	103
517	92
521	108
525	155
529	106
533	65
537	61
541	30
545	98
549	70
553	149
557	126
561	94
565	105
569	63
573	51
577	92
581	118
585	111
589	85
593	25
597	57
601	59
605	125
609	101
613	102
617	84
621	55
625	126
629	43
633	102
637	79
641	98
645	126
649	75
653	53
657	34
661	63
665	112
669	51
673	77
677	50
681	82
685	121
689	102
693	78
697	174
701	75
705	51
709	87
713	94
717	63
721	102
725	204
729	63
733	64
737	77
741	51
745	53
749	57
753	50
757	45
761	95
765	76
769	78
773	102
777	70
781	57
785	71
789	130
793	70
797	65
801	101
805	117
809	78
813	84
817	74
821	125
825	92
829	71
833	81
837	117
841	57
845	126
849	30
853	106
857	53
861	53
865	95
869	46
873	140
877	76
881	110
885	71
889	56
893	62
897	60
901	88
905	134
909	79
913	96
917	87
921	191
925	92
929	54
933	23
937	84
941	94
945	43
949	76
953	108
957	115
961	73
965	81
969	91
973	66
977	79
981	128
985	92
989	42
993	32
997	52
1001	88
1005	115
1009	76
1013	86
1017	72
1021	108
1025	82
1029	70
1033	83
1037	43
1041	78
1045	90
1049	100
1053	28
1057	140
1061	60
1065	68
1069	50
1073	52
1077	81
1081	70
1085	106
1089	64
1093	43
1097	104
1101	101
1105	91
1109	62
1113	117
1117	99
1121	81
1125	150
1129	105
1133	49
1137	60
1141	67
1145	132
1149	32
1153	57
1157	78
1161	18
1165	113
1169	74
1173	136
1177	71
1181	81
1185	87
1189	52
1193	131
1197	100
1201	47
1205	54
1209	67
1213	60
1217	96
1221	53
1225	123
1229	76
1233	50
1237	85
1241	104
1245	162
1249	54
1253	109
1257	59
1261	50
1265	77
1269	68
1273	88
1277	119
1281	106
1285	66
1289	78
1293	86
1297	135
1301	35
1305	101
1309	84
1313	51
1317	67
1321	36
1325	110
1329	76
1333	57
1337	41
1341	35
1345	90
1349	120
1353	22
1357	76
1361	93
1365	35
1369	85
1373	83
1377	70
1381	58
1385	136
1389	68
1393	93
1397	66
1401	56
1405	66
1409	54
1413	35
1417	114
1421	81
1425	48
1429	76
1433	109
1437	59
1441	81
1445	90
1449	76
1453	98
1457	65
1461	125
1465	82
1469	112
1473	65
1477	73
1481	70
1485	114
1489	85
1493	81
1497	49
1501	43
1505	62
1509	59
1513	78
1517	36
1521	52
1525	109
1529	90
1533	20
1537	75
1541	45
1545	111
1549	75
1553	46
1557	108
1561	50
1565	61
1569	19
1573	67
1577	102
1581	110
1585	109
1589	63
1593	90
1597	68
1601	41
1605	54
1609	93
1613	76
1617	67
1621	91
1625	56
1629	59
1633	60
1637	54
1641	68
1645	98
1649	71
1653	98
1657	86
1661	40
1665	87
1669	112
1673	95
1677	98
1681	80
1685	103
1689	42
1693	53
1697	72
1701	95
1705	67
1709	149
1713	116
1717	103
1721	77
1725	109
1729	99
1733	73
1737	102
1741	96
1745	103
1749	64
1753	109
1757	79
1761	99
1765	67
1769	28
1773	54
1777	89
1781	52
1785	101
1789	56
1793	75
1797	68
1801	52
1805	20
1809	129
1813	69
1817	90
1821	54
1825	94
1829	58
1833	44
1837	93
1841	88
1845	98
1849	81
1853	68
1857	67
1861	107
1865	43
1869	125
1873	125
1877	69
1881	95
1885	180
1889	78
1893	113
1897	53
1901	102
1905	142
1909	91
1913	76
1917	92
1921	57
1925	109
1929	74
1933	93
1937	120
1941	68
1945	63
1949	139
1953	54
1957	41
1961	70
1965	5
1969	44
1973	88
1977	102
1981	91
1985	126
1989	80
1993	82
1997	67
2001	115
2005	80
2009	108
2013	118
2017	61
2021	71
2025	78
2029	79
2033	80
2037	56
2041	88
2045	82
2049	74
2053	103
2057	111
2061	155
2065	46
2069	76
2073	86
2077	105
2081	73
2085	77
2089	67
2093	91
2097	50
2101	106
2105	81
2109	63
2113	49
2117	95
2121	74
2125	61
2129	63
2133	98
2137	158
2141	32
2145	37
2149	112
2153	91
2157	58
2161	67
2165	64
2169	92
2173	77
2177	90
2181	171
2185	46
2189	52
2193	29
2197	60
2201	110
2205	61
2209	59
2213	58
2217	96
2221	44
2225	88
2229	99
2233	82
2237	103
2241	66
2245	53
2249	80
2253	57
2257	117
2261	51
2265	111
2269	90
2273	151
2277	33
2281	92
2285	84
2289	68
2293	63
2297	36
2301	71
2305	94
2309	103
2313	93
2317	94
2321	138
2325	76
2329	95
2333	84
2337	82
2341	79
2345	102
2349	99
2353	80
2357	84
2361	58
2365	99
2369	82
2373	59
2377	50
2381	52
2385	97
2389	84
2393	71
2397	74
2401	46
2405	150
2409	104
2413	73
2417	101
2421	146
2425	115
2429	69
2433	68
2437	58
2441	108
2445	75
2449	82
2453	144
2457	99
2461	70
2465	128
2469	46
2473	95
2477	80
2481	58
2485	98
2489	62
2493	56
2497	116
2501	100
2505	64
2509	60
2513	106
2517	147
2521	63
2525	64
2529	54
2533	104
2537	72
2541	55
2545	108
2549	133
2553	84
2557	100
2561	84
2565	85
2569	25
2573	65
2577	120
2581	73
2585	72
2589	66
2593	77
2597	50
2601	104
2605	125
2609	78
2613	46
2617	77
2621	84
2625	85
2629	68
2633	85
2637	94
2641	49
2645	72
2649	65
2653	60
2657	60
2661	52
2665	118
2669	63
2673	106
2677	60
2681	67
2685	149
2689	41
2693	103
2697	40
2701	72
2705	97
2709	89
2713	54
2717	69
2721	50
2725	151
2729	23
2733	136
2737	51
2741	92
2745	41
2749	84
2753	63
2757	74
2761	56
2765	67
2769	110
2773	144
2777	97
2781	127
2785	120
2789	111
2793	73
2797	109
2801	126
2805	55
2809	68
2813	85
2817	93
2821	115
2825	69
2829	119
2833	61
2837	24
2841	103
2845	88
2849	79
2853	64
2857	75
2861	21
2865	58
2869	62
2873	58
2877	103
2881	123
2885	87
2889	64
2893	79
2897	57
2901	111
2905	75
2909	17
2913	139
2917	55
2921	87
2925	84
2929	106
2933	97
2937	105
2941	64
2945	132
2949	100
2953	76
2957	129
2961	73
2965	70
2969	118
2973	56
2977	72
2981	64
2985	70
2989	83
2993	102
2997	73
3001	79
3005	41
3009	96
3013	119
3017	63
3021	99
3025	99
3029	132
3033	126
3037	122
3041	91
3045	115
3049	34
3053	53
3057	56
3061	118
3065	123
3069	94
3073	20
3077	44
3081	56
3085	111
3089	99
3093	32
3097	53
3101	126
3105	44
3109	60
3113	53
3117	138
3121	51
3125	79
3129	125
3133	86
3137	44
3141	70
3145	55
3149	24
3153	47
3157	113
3161	70
3165	86
3169	105
3173	128
3177	38
3181	74
3185	122
3189	76
3193	84
3197	74
3201	80
3205	146
3209	56
3213	60
3217	125
3221	108
3225	95
3229	46
3233	50
3237	62
3241	71
3245	91
3249	80
3253	64
3257	33
3261	97
3265	57
3269	90
3273	64
3277	77
3281	72
3285	52
3289	68
3293	33
3297	131
3301	90
3305	111
3309	109
3313	51
3317	136
3321	124
3325	97
3329	44
3333	56
3337	78
3341	76
3345	70
3349	79
3353	65
3357	51
3361	35
3365	39
3369	37
3373	62
3377	91
3381	63
3385	108
3389	107
3393	39
3397	107
3401	65
3405	66
3409	74
3413	110
3417	79
3421	87
3425	73
3429	66
3433	71
3437	72
3441	39
3445	130
3449	95
3453	106
3457	63
3461	78
3465	47
3469	59
3473	80
3477	68
3481	153
3485	105
3489	100
3493	75
3497	99
3501	19
3505	62
3509	82
3513	82
3517	38
3521	64
3525	87
3529	105
3533	87
3537	31
3541	110
3545	79
3549	44
3553	75
3557	73
3561	81
3565	61
3569	155
3573	56
3577	86
3581	67
3585	100
3589	91
3593	41
3597	84
3601	44
3605	53
3609	57
3613	81
3617	107
3621	20
3625	57
3629	77
3633	53
3637	102
3641	109
3645	151
3649	79
3653	53
3657	70
3661	81
3665	90
3669	41
3673	114
3677	92
3681	60
3685	74
3689	90
3693	53
3697	99
3701	64
3705	158
3709	158
3713	82
3717	65
3721	31
3725	109
3729	51
3733	59
3737	61
3741	141
3745	135
3749	72
3753	69
3757	73
3761	37
3765	96
3769	33
3773	45
3777	91
3781	95
3785	71
3789	105
3793	95
3797	68
3801	110
3805	77
3809	65
3813	72
3817	38
3821	113
3825	131
3829	125
3833	88
3837	104
3841	86
3845	128
3849	67
3853	29
3857	36
3861	96
3865	95
3869	45
3873	58
3877	24
3881	134
3885	82
3889	85
3893	54
3897	92
3901	46
3905	75
3909	30
3913	123
3917	66
3921	97
3925	74
3929	82
3933	90
3937	119
3941	56
3945	78
3949	92
3953	57
3957	84
3961	74
3965	113
3969	43
3973	22
3977	38
3981	67
3985	36
3989	66
3993	147
3997	50
4001	105
4005	42
4009	103
4013	103
4017	56
4021	145
4025	101
4029	57
4033	80
4037	43
4041	85
4045	118
4049	34
4053	88
4057	62
4061	69
4065	54
4069	122
4073	76
4077	56
4081	133
4085	82
4089	55
4093	57
4097	85
4101	47
4105	103
4109	38
4113	77
4117	55
4121	86
4125	120
4129	53
4133	27
4137	124
4141	125
4145	88
4149	32
4153	102
4157	66
4161	75
4165	108
4169	71
4173	80
4177	56
4181	71
4185	114
4189	81
4193	88
4197	65
4201	84
4205	41
4209	106
4213	96
4217	91
4221	94
4225	65
4229	65
4233	85
4237	101
4241	63
4245	67
4249	48
4253	110
4257	86
4261	66
4265	51
4269	58
4273	93
4277	92
4281	74
4285	87
4289	93
4293	107
4297	90
4301	51
4305	55
4309	101
4313	80
4317	32
4321	87
4325	66
4329	48
4333	110
4337	45
4341	87
4345	75
4349	99
4353	59
4357	67
4361	62
4365	105
4369	52
4373	82
4377	59
4381	57
4385	71
4389	54
4393	68
4397	63
4401	40
4405	102
4409	29
4413	126
4417	59
4421	63
4425	91
4429	66
4433	86
4437	105
4441	115
4445	29
4449	91
4453	129
4457	112
4461	40
4465	67
4469	105
4473	72
4477	46
4481	57
4485	66
4489	85
4493	93
4497	45
4501	55
4505	77
4509	67
4513	33
4517	96
4521	91
4525	74
4529	49
4533	88
4537	110
4541	95
4545	82
4549	86
4553	75
4557	70
4561	43
4565	85
4569	90
4573	50
4577	54
4581	76
4585	70
4589	77
4593	55
4597	35
4601	142
4605	77
4609	51
4613	57
4617	25
4621	134
4625	98
4629	106
4633	50
4637	74
4641	72
4645	147
4649	80
4653	75
4657	52
4661	53
4665	69
4669	86
4673	73
4677	91
4681	74
4685	60
4689	99
4693	27
4697	89
4701	116
4705	87
4709	68
4713	90
4717	66
4721	75
4725	46
4729	46
4733	162
4737	67
4741	116
4745	68
4749	89
4753	40
4757	40
4761	123
4765	87
4769	49
4773	129
4777	74
4781	44
4785	113
4789	57
4793	90
4797	66
4801	86
4805	114
4809	48
4813	76
4817	47
4821	90
4825	87
4829	90
4833	69
4837	81
4841	80
4845	122
4849	77
4853	80
4857	66
4861	66
4865	131
4869	67
4873	75
4877	79
4881	78
4885	88
4889	95
4893	95
4897	119
4901	97
4905	69
4909	40
4913	69
4917	135
4921	152
4925	87
4929	106
4933	69
4937	96
4941	63
4945	111
4949	72
4953	68
4957	74
4961	67
4965	83
4969	44
4973	102
4977	78
4981	64
4985	110
4989	107
4993	78
4997	62
5001	95
5005	34
5009	63
5013	68
5017	51
5021	80
5025	135
5029	100
5033	74
5037	73
5041	93
5045	101
5049	34
5053	66
5057	88
5061	120
5065	124
5069	81
5073	112
5077	85
5081	40
5085	53
5089	55
5093	42
5097	94
5101	100
5105	86
5109	99
5113	75
5117	69
5121	103
5125	106
5129	14
5133	36
5137	59
5141	92
5145	44
5149	67
5153	63
5157	119
5161	122
5165	60
5169	112
5173	54
5177	81
5181	96
5185	79
5189	33
5193	83
5197	49
5201	87
5205	141
5209	72
5213	59
5217	61
5221	88
5225	61
5229	120
5233	70
5237	87
5241	57
5245	94
5249	64
5253	32
5257	79
5261	106
5265	115
5269	71
5273	97
5277	75
5281	47
5285	17
5289	78
5293	95
5297	25
5301	82
5305	121
5309	69
5313	38
5317	81
5321	55
5325	31
5329	96
5333	61
5337	108
5341	44
5345	101
5349	71
5353	65
5357	70
5361	70
5365	81
5369	54
5373	147
5377	71
5381	88
5385	93
5389	54
5393	77
5397	59
5401	38
5405	120
5409	77
5413	51
5417	47
5421	97
5425	47
5429	64
5433	109
5437	33
5441	155
5445	62
5449	119
5453	127
5457	67
5461	70
5465	100
5469	105
5473	94
5477	46
5481	86
5485	74
5489	97
5493	52
5497	158
5501	38
5505	82
5509	107
5513	81
5517	81
5521	47
5525	75
5529	87
5533	65
5537	50
5541	57
5545	103
5549	48
5553	28
5557	34
5561	107
5565	83
5569	45
5573	107
5577	84
5581	68
5585	42
5589	83
5593	42
5597	66
5601	53
5605	96
5609	34
5613	72
5617	67
5621	79
5625	78
5629	83
5633	181
5637	47
5641	79
5645	131
5649	101
5653	97
5657	56
5661	60
5665	97
5669	66
5673	127
5677	90
5681	104
5685	120
5689	124
5693	82
5697	122
5701	68
5705	105
5709	82
5713	85
5717	91
5721	65
5725	69
5729	43
5733	78
5737	82
5741	86
5745	125
5749	38
5753	88
5757	101
5761	141
5765	64
5769	105
5773	85
5777	78
5781	56
5785	32
5789	101
5793	57
5797	56
5801	54
5805	66
5809	132
5813	96
5817	47
5821	64
5825	110
5829	74
5833	66
5837	103
5841	87
5845	74
5849	91
5853	95
5857	56
5861	75
5865	88
5869	126
5873	77
5877	49
5881	67
5885	109
5889	82
5893	133
5897	22
5901	56
5905	76
5909	87
5913	44
5917	86
5921	63
5925	77
5929	79
5933	132
5937	129
5941	83
5945	85
5949	115
5953	81
5957	60
5961	103
5965	75
5969	66
5973	98
5977	71
5981	58
5985	62
5989	79
5993	65
5997	60
6001	158
6005	59
6009	80
6013	71
6017	53
6021	107
6025	105
6029	87
6033	173
6037	112
6041	90
6045	146
6049	22
6053	136
6057	67
6061	100
6065	52
6069	119
6073	82
6077	85
6081	72
6085	46
6089	82
6093	78
6097	100
6101	83
6105	114
6109	90
6113	107
6117	85
6121	127
6125	77
6129	76
6133	72
6137	74
6141	65
6145	71
6149	76
6153	54
6157	70
6161	118
6165	100
6169	49
6173	78
6177	42
6181	82
6185	84
6189	94
6193	84
6197	95
6201	96
6205	102
6209	48
6213	73
6217	114
6221	97
6225	94
6229	139
6233	51
6237	109
6241	68
6245	103
6249	85
6253	126
6257	57
6261	103
6265	73
6269	84
6273	49
6277	69
6281	91
6285	84
6289	149
6293	78
6297	67
6301	157
6305	105
6309	61
6313	68
6317	70
6321	109
6325	15
6329	83
6333	89
6337	33
6341	110
6345	91
6349	117
6353	41
6357	15
6361	70
6365	91
6369	76
6373	100
6377	80
6381	50
6385	111
6389	46
6393	103
6397	50
6401	99
6405	73
6409	43
6413	175
6417	69
6421	69
6425	56
6429	31
6433	71
6437	160
6441	46
6445	96
6449	76
6453	123
6457	61
6461	57
6465	65
6469	49
6473	129
6477	108
6481	68
6485	55
6489	77
6493	128
6497	23
6501	43
6505	81
6509	152
6513	108
6517	74
6521	53
6525	55
6529	93
6533	111
6537	78
6541	102
6545	86
6549	94
6553	114
6557	36
6561	136
6565	89
6569	80
6573	39
6577	119
6581	46
6585	116
6589	30
6593	98
6597	92
6601	71
6605	124
6609	68
6613	87
6617	107
6621	111
6625	67
6629	75
6633	70
6637	100
6641	95
6645	77
6649	60
6653	78
6657	62
6661	63
6665	83
6669	61
6673	92
6677	110
6681	122
6685	95
6689	56
6693	90
6697	62
6701	88
6705	73
6709	66
6713	88
6717	128
6721	58
6725	114
6729	92
6733	51
6737	85
6741	77
6745	59
6749	83
6753	61
6757	129
6761	161
6765	46
6769	137
6773	96
6777	72
6781	109
6785	99
6789	179
6793	79
6797	76
6801	82
6805	116
6809	61
6813	69
6817	116
6821	82
6825	40
6829	89
6833	69
6837	41
6841	46
6845	92
6849	76
6853	73
6857	101
6861	33
6865	85
6869	87
6873	72
6877	70
6881	41
6885	56
6889	77
6893	113
6897	67
6901	59
6905	107
6909	49
6913	94
6917	67
6921	66
6925	35
6929	63
6933	110
6937	105
6941	92
6945	117
6949	75
6953	62
6957	85
6961	110
6965	56
6969	105
6973	87
6977	152
6981	54
6985	92
6989	50
6993	61
6997	74
7001	53
7005	85
7009	146
7013	163
7017	80
7021	21
7025	42
7029	97
7033	49
7037	76
7041	52
7045	68
7049	102
7053	93
7057	142
7061	65
7065	90
7069	81
7073	115
7077	87
7081	99
7085	89
7089	75
7093	61
7097	113
7101	65
7105	83
7109	95
7113	68
7117	124
7121	58
7125	58
7129	78
7133	55
7137	58
7141	100
7145	86
7149	94
7153	107
7157	133
7161	84
7165	43
7169	66
7173	73
7177	55
7181	62
7185	94
7189	83
7193	90
7197	78
7201	86
7205	83
7209	47
7213	57
7217	49
7221	99
7225	89
7229	129
7233	93
7237	77
7241	33
7245	91
7249	115
7253	56
7257	142
7261	71
7265	62
7269	85
7273	42
7277	83
7281	103
7285	35
7289	67
7293	74
7297	117
7301	63
7305	82
7309	90
7313	30
7317	63
7321	75
7325	85
7329	67
7333	66
7337	52
7341	133
7345	64
7349	115
7353	92
7357	82
7361	98
7365	92
7369	40
7373	99
7377	84
7381	59
7385	43
7389	126
7393	88
7397	61
7401	71
7405	125
7409	86
7413	114
7417	45
7421	83
7425	60
7429	80
7433	31
7437	82
7441	76
7445	62
7449	67
7453	84
7457	68
7461	47
7465	33
7469	72
7473	63
7477	45
7481	82
7485	45
7489	50
7493	73
7497	96
7501	93
7505	89
7509	60
7513	41
7517	40
7521	70
7525	71
7529	69
7533	81
7537	47
7541	69
7545	49
7549	74
7553	114
7557	48
7561	96
7565	57
7569	71
7573	47
7577	119
7581	97
7585	109
7589	100
7593	54
7597	70
7601	71
7605	95
7609	84
7613	39
7617	117
7621	66
7625	78
7629	75
7633	80
7637	74
7641	140
7645	74
7649	82
7653	68
7657	105
7661	31
7665	89
7669	56
7673	73
7677	43
7681	52
7685	83
7689	75
7693	120
7697	68
7701	80
7705	58
7709	52
7713	90
7717	58
7721	90
7725	69
7729	70
7733	96
7737	63
7741	90
7745	54
7749	43
7753	95
7757	80
7761	88
7765	76
7769	70
7773	93
7777	89
7781	107
7785	59
7789	91
7793	44
7797	61
7801	27
7805	82
7809	77
7813	98
7817	57
7821	58
7825	42
7829	56
7833	75
7837	29
7841	65
7845	90
7849	93
7853	102
7857	90
7861	88
7865	129
7869	40
7873	90
7877	51
7881	132
7885	95
7889	87
7893	80
7897	81
7901	89
7905	130
7909	70
7913	55
7917	67
7921	51
7925	51
7929	87
7933	134
7937	44
7941	88
7945	35
7949	72
7953	149
7957	92
7961	62
7965	97
7969	57
7973	34
7977	90
7981	105
7985	44
7989	50
7993	134
7997	64
8001	48
8005	44
8009	45
8013	58
8017	37
8021	60
8025	68
8029	91
8033	67
8037	51
8041	93
8045	100
8049	90
8053	93
8057	119
8061	81
8065	105
8069	72
8073	74
8077	66
8081	108
8085	59
8089	67
8093	74
8097	102
8101	63
8105	58
8109	33
8113	83
8117	106
8121	82
8125	127
8129	85
8133	86
8137	73
8141	104
8145	53
8149	79
8153	66
8157	84
8161	63
8165	116
8169	39
8173	149
8177	70
8181	106
8185	88
8189	84
8193	109
8197	98
8201	64
8205	81
8209	50
8213	111
8217	74
8221	138
8225	75
8229	44
8233	76
8237	81
8241	78
8245	67
8249	36
8253	93
8257	55
8261	72
8265	81
8269	59
8273	69
8277	87
8281	124
8285	60
8289	124
8293	45
8297	25
8301	70
8305	40
8309	63
8313	102
8317	95
8321	62
8325	98
8329	36
8333	42
8337	77
8341	76
8345	120
8349	67
8353	113
8357	58
8361	141
8365	74
8369	90
8373	92
8377	108
8381	85
8385	98
8389	88
8393	97
8397	103
8401	78
8405	65
8409	97
8413	71
8417	58
8421	138
8425	51
8429	76
8433	66
8437	72
8441	94
8445	123
8449	131
8453	72
8457	111
8461	76
8465	85
8469	125
8473	65
8477	64
8481	87
8485	41
8489	84
8493	98
8497	28
8501	26
8505	43
8509	84
8513	51
8517	99
8521	89
8525	101
8529	80
8533	38
8537	69
8541	68
8545	43
8549	78
8553	99
8557	58
8561	113
8565	63
8569	84
8573	130
8577	83
8581	146
8585	100
8589	54
8593	66
8597	30
8601	102
8605	130
8609	94
8613	59
8617	130
8621	123
8625	78
8629	92
8633	101
8637	37
8641	29
8645	71
8649	52
8653	89
8657	113
8661	78
8665	89
8669	83
8673	62
8677	82
8681	109
8685	61
8689	41
8693	79
8697	73
8701	95
8705	69
8709	120
8713	53
8717	97
8721	104
8725	58
8729	44
8733	43
8737	91
8741	74
8745	58
8749	73
8753	86
8757	75
8761	77
8765	136
8769	61
8773	38
8777	59
8781	103
8785	112
8789	102
8793	104
8797	74
8801	103
8805	59
8809	43
8813	59
8817	83
8821	105
8825	117
8829	77
8833	62
8837	15
8841	62
8845	68
8849	49
8853	72
8857	25
8861	56
8865	139
8869	106
8873	71
8877	57
8881	91
8885	80
8889	98
8893	73
8897	58
8901	82
8905	37
8909	76
8913	128
8917	86
8921	20
8925	106
8929	90
8933	67
8937	95
8941	115
8945	112
8949	85
8953	81
8957	28
8961	96
8965	50
8969	72
8973	63
8977	78
8981	33
8985	74
8989	67
8993	120
8997	79
9001	119
9005	53
9009	54
9013	55
9017	112
9021	96
9025	83
9029	127
9033	90
9037	89
9041	90
9045	79
9049	73
9053	125
9057	97
9061	103
9065	67
9069	56
9073	92
9077	81
9081	53
9085	102
9089	95
9093	47
9097	52
9101	55
9105	110
9109	49
9113	67
9117	135
9121	80
9125	92
9129	80
9133	71
9137	64
9141	73
9145	65
9149	83
9153	27
9157	89
9161	73
9165	64
9169	54
9173	69
9177	65
9181	38
9185	90
9189	64
9193	92
9197	103
9201	48
9205	111
9209	71
9213	80
9217	46
9221	72
9225	54
9229	49
9233	88
9237	82
9241	44
9245	53
9249	57
9253	95
9257	64
9261	102
9265	136
9269	85
9273	58
9277	72
9281	59
9285	94
9289	76
9293	59
9297	53
9301	89
9305	73
9309	84
9313	61
9317	105
9321	122
9325	84
9329	95
9333	47
9337	64
9341	60
9345	110
9349	56
9353	31
9357	68
9361	96
9365	69
9369	57
9373	55
9377	98
9381	38
9385	74
9389	91
9393	57
9397	69
9401	37
9405	115
9409	77
9413	25
9417	32
9421	62
9425	115
9429	62
9433	77
9437	68
9441	126
9445	58
9449	50
9453	101
9457	34
9461	121
9465	83
9469	84
9473	69
9477	114
9481	4
9485	87
9489	93
9493	117
9497	124
9501	42
9505	37
9509	87
9513	114
9517	119
9521	76
9525	139
9529	119
9533	52
9537	92
9541	77
9545	90
9549	35
9553	84
9557	133
9561	50
9565	56
9569	74
9573	67
9577	62
9581	85
9585	107
9589	57
9593	72
9597	41
9601	102
9605	111
9609	49
9613	47
9617	41
9621	109
9625	84
9629	46
9633	67
9637	48
9641	84
9645	75
9649	49
9653	83
9657	68
9661	105
9665	100
9669	32
9673	84
9677	121
9681	72
9685	55
9689	156
9693	66
9697	19
9701	87
9705	77
9709	129
9713	80
9717	75
9721	91
9725	115
9729	71
9733	81
9737	65
9741	99
9745	124
9749	57
9753	65
9757	105
9761	61
9765	19
9769	41
9773	70
9777	84
9781	24
9785	75
9789	132
9793	75
9797	61
9801	77
9805	110
9809	67
9813	62
9817	87
9821	99
9825	27
9829	44
9833	101
9837	75
9841	49
9845	132
9849	156
9853	61
9857	72
9861	82
9865	30
9869	93
9873	66
9877	78
9881	75
9885	102
9889	68
9893	57
9897	77
9901	80
9905	31
9909	66
9913	91
9917	44
9921	29
9925	93
9929	86
9933	77
9937	100
9941	76
9945	73
9949	18
9953	96
9957	59
9961	70
9965	111
9969	70
9973	12
9977	122
9981	36
9985	64
9989	119
9993	101
9997	141
2	75
6	60
10	24
14	73
18	51
22	107
26	143
30	153
34	89
38	86
42	39
46	53
50	44
54	74
58	54
62	77
66	136
70	44
74	132
78	81
82	84
86	44
90	51
94	76
98	56
102	54
106	66
110	84
114	50
118	23
122	51
126	139
130	55
134	93
138	50
142	73
146	85
150	71
154	89
158	15
162	79
166	89
170	89
174	37
178	60
182	58
186	82
190	107
194	68
198	59
202	120
206	74
210	105
214	69
218	91
222	111
226	29
230	63
234	68
238	153
242	104
246	116
250	60
254	63
258	42
262	125
266	116
270	69
274	128
278	60
282	35
286	119
290	100
294	84
298	55
302	59
306	67
310	113
314	77
318	129
322	116
326	80
330	112
334	77
338	55
342	39
346	95
350	138
354	45
358	125
362	43
366	132
370	74
374	84
378	103
382	10
386	106
390	102
394	76
398	79
402	70
406	90
410	29
414	133
418	80
422	120
426	72
430	43
434	87
438	131
442	110
446	56
450	99
454	39
458	53
462	74
466	103
470	130
474	54
478	25
482	85
486	64
490	39
494	52
498	49
502	67
506	93
510	93
514	52
518	99
522	110
526	122
530	70
534	68
538	143
542	65
546	62
550	139
554	117
558	44
562	91
566	33
570	88
574	97
578	77
582	55
586	70
590	48
594	144
598	71
602	55
606	83
610	131
614	96
618	45
622	150
626	106
630	80
634	69
638	78
642	65
646	53
650	18
654	101
658	70
662	145
666	47
670	75
674	69
678	71
682	110
686	47
690	51
694	62
698	74
702	105
706	48
710	69
714	83
718	90
722	90
726	104
730	76
734	97
738	56
742	76
746	105
750	106
754	56
758	86
762	33
766	102
770	57
774	84
778	72
782	41
786	76
790	116
794	47
798	114
802	77
806	93
810	88
814	59
818	46
822	83
826	88
830	89
834	82
838	73
842	101
846	106
850	49
854	98
858	39
862	98
866	70
870	117
874	82
878	111
882	95
886	56
890	81
894	92
898	60
902	44
906	98
910	81
914	85
918	64
922	114
926	130
930	88
934	136
938	85
942	90
946	107
950	62
954	86
958	66
962	56
966	96
970	20
974	128
978	111
982	82
986	111
990	25
994	100
998	90
1002	83
1006	96
1010	97
1014	53
1018	114
1022	118
1026	81
1030	28
1034	53
1038	82
1042	39
1046	51
1050	53
1054	76
1058	76
1062	57
1066	20
1070	63
1074	95
1078	88
1082	93
1086	54
1090	44
1094	97
1098	56
1102	112
1106	49
1110	87
1114	85
1118	96
1122	85
1126	35
1130	48
1134	45
1138	29
1142	86
1146	67
1150	48
1154	81
1158	108
1162	67
1166	63
1170	43
1174	73
1178	75
1182	85
1186	58
1190	89
1194	72
1198	72
1202	114
1206	63
1210	102
1214	152
1218	72
1222	101
1226	38
1230	93
1234	84
1238	80
1242	49
1246	100
1250	65
1254	22
1258	85
1262	65
1266	80
1270	100
1274	79
1278	67
1282	74
1286	73
1290	49
1294	99
1298	79
1302	105
1306	110
1310	121
1314	73
1318	95
1322	67
1326	70
1330	77
1334	75
1338	78
1342	120
1346	102
1350	60
1354	48
1358	78
1362	110
1366	47
1370	102
1374	124
1378	77
1382	37
1386	90
1390	94
1394	88
1398	45
1402	111
1406	85
1410	59
1414	4
1418	92
1422	69
1426	55
1430	108
1434	58
1438	105
1442	154
1446	114
1450	54
1454	55
1458	85
1462	91
1466	57
1470	71
1474	56
1478	76
1482	103
1486	127
1490	47
1494	96
1498	103
1502	47
1506	85
1510	60
1514	144
1518	45
1522	62
1526	143
1530	45
1534	122
1538	122
1542	181
1546	66
1550	74
1554	67
1558	65
1562	62
1566	35
1570	79
1574	42
1578	77
1582	140
1586	100
1590	159
1594	80
1598	57
1602	39
1606	102
1610	84
1614	95
1618	86
1622	72
1626	61
1630	98
1634	48
1638	98
1642	130
1646	74
1650	97
1654	77
1658	113
1662	97
1666	77
1670	122
1674	81
1678	91
1682	62
1686	92
1690	52
1694	86
1698	84
1702	63
1706	58
1710	82
1714	47
1718	83
1722	107
1726	70
1730	51
1734	103
1738	78
1742	92
1746	27
1750	78
1754	81
1758	51
1762	64
1766	33
1770	31
1774	87
1778	89
1782	97
1786	40
1790	79
1794	42
1798	90
1802	102
1806	35
1810	109
1814	83
1818	76
1822	108
1826	51
1830	72
1834	113
1838	61
1842	80
1846	49
1850	54
1854	139
1858	144
1862	57
1866	104
1870	62
1874	78
1878	126
1882	101
1886	132
1890	96
1894	47
1898	69
1902	91
1906	78
1910	81
1914	70
1918	97
1922	88
1926	81
1930	85
1934	67
1938	42
1942	70
1946	69
1950	99
1954	84
1958	75
1962	73
1966	49
1970	63
1974	93
1978	43
1982	70
1986	48
1990	25
1994	84
1998	35
2002	112
2006	50
2010	105
2014	112
2018	119
2022	15
2026	59
2030	100
2034	90
2038	54
2042	63
2046	99
2050	138
2054	117
2058	79
2062	61
2066	89
2070	84
2074	91
2078	74
2082	61
2086	72
2090	28
2094	31
2098	93
2102	18
2106	58
2110	102
2114	28
2118	91
2122	171
2126	62
2130	62
2134	127
2138	66
2142	78
2146	50
2150	77
2154	44
2158	65
2162	46
2166	95
2170	58
2174	70
2178	150
2182	39
2186	117
2190	129
2194	111
2198	39
2202	109
2206	112
2210	41
2214	31
2218	43
2222	63
2226	135
2230	47
2234	99
2238	123
2242	58
2246	61
2250	59
2254	47
2258	138
2262	63
2266	54
2270	73
2274	84
2278	134
2282	66
2286	61
2290	51
2294	76
2298	71
2302	150
2306	38
2310	89
2314	78
2318	65
2322	63
2326	119
2330	75
2334	76
2338	12
2342	77
2346	149
2350	83
2354	64
2358	110
2362	94
2366	36
2370	23
2374	114
2378	83
2382	71
2386	93
2390	82
2394	119
2398	107
2402	106
2406	152
2410	88
2414	89
2418	70
2422	43
2426	61
2430	29
2434	116
2438	42
2442	62
2446	66
2450	115
2454	82
2458	79
2462	108
2466	86
2470	65
2474	118
2478	82
2482	118
2486	76
2490	83
2494	44
2498	62
2502	107
2506	60
2510	53
2514	56
2518	91
2522	102
2526	118
2530	96
2534	77
2538	71
2542	91
2546	62
2550	112
2554	88
2558	115
2562	71
2566	70
2570	48
2574	98
2578	35
2582	56
2586	80
2590	85
2594	61
2598	70
2602	154
2606	80
2610	43
2614	99
2618	76
2622	51
2626	86
2630	97
2634	111
2638	82
2642	61
2646	97
2650	121
2654	102
2658	120
2662	48
2666	154
2670	70
2674	96
2678	54
2682	89
2686	157
2690	88
2694	65
2698	101
2702	105
2706	71
2710	48
2714	78
2718	84
2722	60
2726	100
2730	52
2734	73
2738	110
2742	86
2746	108
2750	72
2754	82
2758	172
2762	47
2766	51
2770	88
2774	69
2778	102
2782	55
2786	62
2790	92
2794	103
2798	62
2802	45
2806	54
2810	152
2814	95
2818	124
2822	91
2826	69
2830	93
2834	172
2838	47
2842	143
2846	46
2850	104
2854	51
2858	101
2862	76
2866	108
2870	83
2874	144
2878	99
2882	102
2886	123
2890	72
2894	66
2898	122
2902	70
2906	18
2910	70
2914	46
2918	128
2922	74
2926	84
2930	85
2934	77
2938	127
2942	61
2946	97
2950	113
2954	87
2958	45
2962	83
2966	134
2970	44
2974	54
2978	95
2982	43
2986	88
2990	86
2994	74
2998	29
3002	70
3006	39
3010	73
3014	40
3018	63
3022	34
3026	43
3030	39
3034	93
3038	53
3042	41
3046	81
3050	52
3054	88
3058	158
3062	109
3066	87
3070	68
3074	77
3078	51
3082	88
3086	130
3090	110
3094	40
3098	47
3102	61
3106	74
3110	101
3114	109
3118	51
3122	60
3126	58
3130	68
3134	103
3138	94
3142	35
3146	106
3150	27
3154	109
3158	98
3162	58
3166	133
3170	79
3174	53
3178	61
3182	110
3186	43
3190	98
3194	71
3198	66
3202	140
3206	88
3210	77
3214	80
3218	91
3222	89
3226	73
3230	51
3234	107
3238	76
3242	32
3246	207
3250	68
3254	75
3258	53
3262	110
3266	91
3270	43
3274	91
3278	76
3282	66
3286	104
3290	106
3294	68
3298	83
3302	58
3306	89
3310	68
3314	113
3318	44
3322	24
3326	86
3330	47
3334	112
3338	61
3342	17
3346	43
3350	109
3354	62
3358	103
3362	82
3366	83
3370	61
3374	75
3378	91
3382	75
3386	106
3390	70
3394	61
3398	77
3402	83
3406	55
3410	68
3414	80
3418	119
3422	76
3426	88
3430	77
3434	41
3438	81
3442	63
3446	142
3450	52
3454	95
3458	99
3462	48
3466	53
3470	116
3474	66
3478	73
3482	101
3486	137
3490	61
3494	58
3498	98
3502	94
3506	113
3510	91
3514	127
3518	82
3522	92
3526	76
3530	42
3534	53
3538	84
3542	100
3546	61
3550	104
3554	58
3558	86
3562	117
3566	57
3570	95
3574	92
3578	86
3582	39
3586	94
3590	75
3594	103
3598	52
3602	75
3606	120
3610	87
3614	74
3618	90
3622	78
3626	23
3630	38
3634	61
3638	115
3642	114
3646	56
3650	55
3654	91
3658	78
3662	99
3666	60
3670	97
3674	135
3678	105
3682	64
3686	63
3690	99
3694	55
3698	65
3702	74
3706	56
3710	165
3714	105
3718	89
3722	106
3726	44
3730	67
3734	113
3738	82
3742	34
3746	83
3750	47
3754	100
3758	90
3762	57
3766	63
3770	73
3774	101
3778	74
3782	68
3786	73
3790	122
3794	63
3798	89
3802	100
3806	112
3810	71
3814	50
3818	41
3822	130
3826	99
3830	109
3834	57
3838	47
3842	105
3846	131
3850	72
3854	80
3858	46
3862	49
3866	61
3870	88
3874	69
3878	94
3882	75
3886	90
3890	112
3894	69
3898	87
3902	90
3906	85
3910	67
3914	73
3918	64
3922	134
3926	125
3930	116
3934	160
3938	28
3942	42
3946	116
3950	54
3954	107
3958	42
3962	83
3966	107
3970	110
3974	77
3978	84
3982	71
3986	107
3990	86
3994	66
3998	65
4002	60
4006	59
4010	51
4014	67
4018	45
4022	93
4026	61
4030	78
4034	73
4038	89
4042	126
4046	90
4050	29
4054	94
4058	102
4062	105
4066	100
4070	112
4074	81
4078	59
4082	76
4086	113
4090	110
4094	108
4098	92
4102	54
4106	119
4110	104
4114	56
4118	89
4122	37
4126	107
4130	72
4134	116
4138	50
4142	42
4146	84
4150	112
4154	49
4158	82
4162	94
4166	85
4170	132
4174	109
4178	78
4182	87
4186	100
4190	93
4194	153
4198	94
4202	59
4206	96
4210	126
4214	109
4218	96
4222	95
4226	95
4230	119
4234	85
4238	94
4242	48
4246	70
4250	103
4254	84
4258	65
4262	41
4266	71
4270	82
4274	73
4278	96
4282	83
4286	103
4290	64
4294	107
4298	38
4302	96
4306	90
4310	120
4314	93
4318	83
4322	86
4326	66
4330	70
4334	39
4338	83
4342	58
4346	95
4350	47
4354	109
4358	120
4362	114
4366	45
4370	112
4374	38
4378	72
4382	34
4386	73
4390	106
4394	61
4398	96
4402	128
4406	80
4410	65
4414	66
4418	133
4422	99
4426	89
4430	61
4434	41
4438	67
4442	75
4446	96
4450	76
4454	94
4458	91
4462	76
4466	130
4470	89
4474	101
4478	63
4482	97
4486	55
4490	63
4494	52
4498	117
4502	75
4506	84
4510	111
4514	76
4518	59
4522	30
4526	74
4530	123
4534	57
4538	51
4542	108
4546	122
4550	39
4554	98
4558	78
4562	36
4566	39
4570	146
4574	28
4578	71
4582	106
4586	144
4590	39
4594	86
4598	67
4602	83
4606	62
4610	54
4614	16
4618	116
4622	124
4626	78
4630	98
4634	69
4638	65
4642	77
4646	63
4650	64
4654	85
4658	102
4662	114
4666	94
4670	108
4674	131
4678	97
4682	61
4686	35
4690	71
4694	37
4698	107
4702	33
4706	93
4710	77
4714	147
4718	65
4722	65
4726	70
4730	90
4734	89
4738	34
4742	78
4746	79
4750	110
4754	69
4758	75
4762	47
4766	81
4770	94
4774	38
4778	43
4782	82
4786	82
4790	33
4794	87
4798	42
4802	120
4806	102
4810	49
4814	107
4818	59
4822	96
4826	34
4830	85
4834	62
4838	27
4842	80
4846	84
4850	78
4854	133
4858	59
4862	84
4866	46
4870	48
4874	151
4878	29
4882	57
4886	90
4890	30
4894	131
4898	81
4902	47
4906	98
4910	72
4914	66
4918	75
4922	88
4926	94
4930	96
4934	60
4938	61
4942	94
4946	97
4950	130
4954	76
4958	51
4962	65
4966	91
4970	84
4974	67
4978	80
4982	61
4986	162
4990	69
4994	101
4998	87
5002	26
5006	55
5010	70
5014	87
5018	106
5022	75
5026	140
5030	61
5034	111
5038	61
5042	71
5046	46
5050	145
5054	102
5058	61
5062	70
5066	58
5070	77
5074	90
5078	110
5082	136
5086	96
5090	89
5094	100
5098	113
5102	82
5106	80
5110	119
5114	88
5118	66
5122	57
5126	63
5130	56
5134	79
5138	44
5142	128
5146	56
5150	92
5154	67
5158	68
5162	76
5166	94
5170	82
5174	37
5178	68
5182	56
5186	100
5190	95
5194	57
5198	73
5202	85
5206	39
5210	52
5214	66
5218	129
5222	78
5226	76
5230	59
5234	93
5238	121
5242	90
5246	104
5250	121
5254	73
5258	58
5262	95
5266	89
5270	80
5274	62
5278	91
5282	104
5286	70
5290	121
5294	75
5298	73
5302	67
5306	70
5310	72
5314	81
5318	99
5322	92
5326	92
5330	75
5334	114
5338	84
5342	62
5346	51
5350	48
5354	50
5358	122
5362	56
5366	86
5370	75
5374	77
5378	95
5382	64
5386	73
5390	103
5394	79
5398	77
5402	92
5406	64
5410	77
5414	38
5418	86
5422	54
5426	73
5430	47
5434	53
5438	53
5442	52
5446	33
5450	133
5454	57
5458	49
5462	93
5466	56
5470	60
5474	72
5478	48
5482	96
5486	102
5490	122
5494	103
5498	98
5502	87
5506	104
5510	77
5514	127
5518	86
5522	67
5526	87
5530	97
5534	63
5538	87
5542	119
5546	47
5550	88
5554	111
5558	107
5562	90
5566	69
5570	121
5574	85
5578	19
5582	82
5586	98
5590	125
5594	45
5598	71
5602	58
5606	91
5610	65
5614	51
5618	88
5622	78
5626	63
5630	69
5634	93
5638	112
5642	94
5646	67
5650	72
5654	78
5658	132
5662	105
5666	76
5670	75
5674	109
5678	62
5682	65
5686	63
5690	60
5694	54
5698	41
5702	70
5706	58
5710	107
5714	42
5718	69
5722	85
5726	47
5730	46
5734	90
5738	130
5742	87
5746	95
5750	33
5754	78
5758	129
5762	65
5766	120
5770	60
5774	115
5778	73
5782	99
5786	81
5790	144
5794	58
5798	111
5802	91
5806	78
5810	98
5814	94
5818	46
5822	87
5826	116
5830	109
5834	63
5838	79
5842	212
5846	77
5850	164
5854	93
5858	49
5862	71
5866	66
5870	114
5874	82
5878	27
5882	149
5886	63
5890	66
5894	84
5898	40
5902	142
5906	135
5910	74
5914	97
5918	46
5922	103
5926	112
5930	55
5934	45
5938	82
5942	86
5946	80
5950	65
5954	64
5958	92
5962	96
5966	86
5970	100
5974	46
5978	47
5982	105
5986	115
5990	99
5994	45
5998	85
6002	39
6006	37
6010	76
6014	107
6018	91
6022	67
6026	56
6030	109
6034	76
6038	131
6042	67
6046	89
6050	99
6054	145
6058	57
6062	48
6066	81
6070	92
6074	71
6078	91
6082	83
6086	61
6090	62
6094	21
6098	96
6102	89
6106	96
6110	67
6114	72
6118	99
6122	135
6126	19
6130	99
6134	133
6138	103
6142	107
6146	57
6150	125
6154	18
6158	73
6162	62
6166	84
6170	56
6174	78
6178	47
6182	96
6186	48
6190	154
6194	107
6198	82
6202	45
6206	17
6210	185
6214	90
6218	129
6222	50
6226	100
6230	69
6234	52
6238	166
6242	87
6246	38
6250	71
6254	83
6258	38
6262	61
6266	71
6270	77
6274	63
6278	87
6282	134
6286	67
6290	120
6294	59
6298	79
6302	108
6306	57
6310	92
6314	48
6318	44
6322	107
6326	62
6330	120
6334	39
6338	84
6342	92
6346	26
6350	143
6354	81
6358	29
6362	82
6366	58
6370	50
6374	85
6378	38
6382	105
6386	69
6390	95
6394	36
6398	111
6402	101
6406	84
6410	109
6414	115
6418	52
6422	77
6426	47
6430	31
6434	48
6438	73
6442	12
6446	68
6450	72
6454	95
6458	48
6462	50
6466	67
6470	76
6474	71
6478	105
6482	97
6486	50
6490	103
6494	113
6498	68
6502	64
6506	115
6510	80
6514	51
6518	113
6522	53
6526	90
6530	88
6534	93
6538	132
6542	103
6546	38
6550	64
6554	67
6558	120
6562	78
6566	88
6570	126
6574	56
6578	104
6582	113
6586	100
6590	60
6594	119
6598	83
6602	53
6606	38
6610	69
6614	67
6618	64
6622	118
6626	163
6630	98
6634	39
6638	67
6642	39
6646	56
6650	116
6654	116
6658	132
6662	49
6666	115
6670	52
6674	55
6678	194
6682	36
6686	92
6690	70
6694	136
6698	86
6702	73
6706	98
6710	59
6714	122
6718	159
6722	60
6726	54
6730	104
6734	103
6738	87
6742	173
6746	68
6750	86
6754	115
6758	62
6762	37
6766	51
6770	91
6774	45
6778	84
6782	81
6786	45
6790	61
6794	68
6798	126
6802	76
6806	36
6810	69
6814	86
6818	76
6822	82
6826	72
6830	114
6834	80
6838	56
6842	94
6846	52
6850	97
6854	183
6858	68
6862	109
6866	73
6870	92
6874	41
6878	23
6882	74
6886	64
6890	106
6894	75
6898	66
6902	62
6906	95
6910	34
6914	93
6918	67
6922	53
6926	117
6930	90
6934	92
6938	97
6942	94
6946	46
6950	95
6954	91
6958	53
6962	53
6966	87
6970	38
6974	14
6978	84
6982	78
6986	78
6990	94
6994	58
6998	84
7002	115
7006	46
7010	116
7014	109
7018	98
7022	83
7026	68
7030	86
7034	57
7038	56
7042	91
7046	125
7050	58
7054	41
7058	76
7062	110
7066	60
7070	66
7074	102
7078	117
7082	72
7086	82
7090	64
7094	28
7098	121
7102	83
7106	131
7110	60
7114	108
7118	104
7122	30
7126	53
7130	72
7134	78
7138	98
7142	88
7146	72
7150	122
7154	60
7158	55
7162	128
7166	74
7170	93
7174	68
7178	103
7182	42
7186	60
7190	85
7194	76
7198	95
7202	88
7206	53
7210	111
7214	111
7218	61
7222	163
7226	31
7230	65
7234	98
7238	64
7242	98
7246	98
7250	135
7254	76
7258	64
7262	63
7266	56
7270	61
7274	39
7278	126
7282	65
7286	95
7290	46
7294	37
7298	99
7302	34
7306	60
7310	64
7314	68
7318	59
7322	31
7326	61
7330	41
7334	98
7338	73
7342	121
7346	70
7350	107
7354	103
7358	87
7362	26
7366	92
7370	45
7374	55
7378	93
7382	92
7386	55
7390	62
7394	83
7398	81
7402	99
7406	59
7410	142
7414	67
7418	54
7422	164
7426	34
7430	64
7434	89
7438	49
7442	64
7446	113
7450	83
7454	132
7458	107
7462	103
7466	80
7470	72
7474	72
7478	63
7482	92
7486	104
7490	112
7494	115
7498	81
7502	99
7506	81
7510	45
7514	51
7518	103
7522	83
7526	53
7530	90
7534	59
7538	49
7542	52
7546	35
7550	79
7554	71
7558	125
7562	112
7566	74
7570	36
7574	60
7578	65
7582	61
7586	132
7590	121
7594	92
7598	67
7602	62
7606	56
7610	74
7614	52
7618	154
7622	58
7626	63
7630	79
7634	91
7638	69
7642	68
7646	54
7650	83
7654	59
7658	81
7662	135
7666	92
7670	73
7674	93
7678	38
7682	88
7686	81
7690	74
7694	109
7698	68
7702	70
7706	144
7710	61
7714	53
7718	72
7722	113
7726	63
7730	35
7734	119
7738	78
7742	130
7746	79
7750	133
7754	86
7758	47
7762	79
7766	129
7770	62
7774	73
7778	105
7782	94
7786	72
7790	92
7794	58
7798	120
7802	123
7806	136
7810	105
7814	122
7818	71
7822	66
7826	83
7830	118
7834	79
7838	97
7842	120
7846	95
7850	102
7854	147
7858	64
7862	85
7866	48
7870	66
7874	89
7878	40
7882	67
7886	70
7890	119
7894	37
7898	30
7902	118
7906	110
7910	98
7914	54
7918	57
7922	90
7926	54
7930	31
7934	90
7938	41
7942	57
7946	43
7950	100
7954	100
7958	17
7962	86
7966	76
7970	91
7974	36
7978	98
7982	102
7986	52
7990	123
7994	103
7998	84
8002	116
8006	115
8010	44
8014	100
8018	55
8022	138
8026	63
8030	23
8034	37
8038	82
8042	72
8046	71
8050	53
8054	87
8058	85
8062	41
8066	104
8070	80
8074	87
8078	76
8082	107
8086	95
8090	65
8094	95
8098	81
8102	58
8106	126
8110	84
8114	56
8118	90
8122	46
8126	68
8130	82
8134	26
8138	85
8142	79
8146	47
8150	73
8154	45
8158	95
8162	62
8166	98
8170	45
8174	60
8178	110
8182	48
8186	70
8190	122
8194	95
8198	123
8202	69
8206	66
8210	36
8214	110
8218	103
8222	51
8226	95
8230	94
8234	138
8238	43
8242	94
8246	101
8250	49
8254	106
8258	76
8262	116
8266	71
8270	80
8274	83
8278	64
8282	63
8286	102
8290	120
8294	68
8298	72
8302	76
8306	118
8310	24
8314	64
8318	29
8322	56
8326	79
8330	52
8334	38
8338	69
8342	53
8346	69
8350	124
8354	88
8358	39
8362	77
8366	70
8370	50
8374	101
8378	68
8382	90
8386	141
8390	90
8394	88
8398	90
8402	89
8406	62
8410	81
8414	58
8418	38
8422	68
8426	134
8430	114
8434	85
8438	48
8442	62
8446	69
8450	129
8454	28
8458	62
8462	117
8466	86
8470	62
8474	45
8478	50
8482	101
8486	83
8490	54
8494	101
8498	97
8502	131
8506	68
8510	94
8514	115
8518	140
8522	35
8526	95
8530	78
8534	66
8538	54
8542	86
8546	91
8550	100
8554	106
8558	82
8562	57
8566	83
8570	74
8574	69
8578	110
8582	104
8586	91
8590	95
8594	46
8598	137
8602	53
8606	72
8610	89
8614	82
8618	91
8622	86
8626	127
8630	71
8634	97
8638	54
8642	96
8646	108
8650	103
8654	123
8658	51
8662	54
8666	95
8670	110
8674	80
8678	73
8682	106
8686	89
8690	93
8694	83
8698	43
8702	134
8706	54
8710	40
8714	119
8718	53
8722	74
8726	75
8730	96
8734	95
8738	61
8742	96
8746	78
8750	66
8754	85
8758	61
8762	120
8766	114
8770	121
8774	103
8778	60
8782	126
8786	58
8790	74
8794	64
8798	73
8802	82
8806	74
8810	78
8814	98
8818	137
8822	61
8826	76
8830	25
8834	83
8838	19
8842	79
8846	61
8850	107
8854	87
8858	89
8862	87
8866	138
8870	103
8874	79
8878	124
8882	114
8886	89
8890	75
8894	124
8898	127
8902	51
8906	110
8910	74
8914	83
8918	127
8922	67
8926	121
8930	15
8934	99
8938	85
8942	121
8946	128
8950	70
8954	49
8958	91
8962	87
8966	35
8970	28
8974	39
8978	101
8982	72
8986	89
8990	129
8994	80
8998	63
9002	88
9006	129
9010	116
9014	77
9018	69
9022	22
9026	71
9030	22
9034	49
9038	48
9042	34
9046	106
9050	68
9054	100
9058	108
9062	58
9066	112
9070	68
9074	49
9078	50
9082	52
9086	72
9090	133
9094	41
9098	108
9102	80
9106	34
9110	102
9114	122
9118	70
9122	139
9126	70
9130	101
9134	141
9138	85
9142	101
9146	59
9150	59
9154	83
9158	53
9162	68
9166	90
9170	45
9174	80
9178	102
9182	121
9186	42
9190	84
9194	74
9198	81
9202	72
9206	73
9210	52
9214	67
9218	109
9222	99
9226	66
9230	114
9234	69
9238	31
9242	114
9246	102
9250	54
9254	37
9258	27
9262	108
9266	129
9270	83
9274	51
9278	56
9282	44
9286	73
9290	84
9294	147
9298	132
9302	115
9306	88
9310	130
9314	86
9318	57
9322	97
9326	58
9330	63
9334	68
9338	150
9342	54
9346	65
9350	47
9354	39
9358	24
9362	58
9366	58
9370	48
9374	77
9378	57
9382	70
9386	30
9390	92
9394	85
9398	82
9402	69
9406	104
9410	122
9414	62
9418	98
9422	79
9426	82
9430	63
9434	119
9438	135
9442	32
9446	88
9450	54
9454	140
9458	37
9462	90
9466	74
9470	120
9474	49
9478	93
9482	123
9486	111
9490	144
9494	93
9498	96
9502	42
9506	160
9510	52
9514	86
9518	99
9522	84
9526	86
9530	116
9534	73
9538	106
9542	104
9546	84
9550	42
9554	88
9558	69
9562	99
9566	66
9570	54
9574	79
9578	79
9582	80
9586	81
9590	55
9594	79
9598	107
9602	116
9606	51
9610	108
9614	1
9618	83
9622	100
9626	61
9630	148
9634	53
9638	73
9642	24
9646	105
9650	87
9654	46
9658	71
9662	57
9666	41
9670	85
9674	89
9678	128
9682	104
9686	24
9690	89
9694	72
9698	92
9702	54
9706	84
9710	70
9714	169
9718	38
9722	68
9726	78
9730	60
9734	42
9738	73
9742	76
9746	33
9750	49
9754	82
9758	56
9762	50
9766	100
9770	85
9774	52
9778	95
9782	64
9786	91
9790	83
9794	121
9798	72
9802	154
9806	89
9810	70
9814	95
9818	110
9822	81
9826	61
9830	88
9834	94
9838	101
9842	72
9846	87
9850	121
9854	132
9858	58
9862	61
9866	87
9870	69
9874	68
9878	77
9882	89
9886	121
9890	35
9894	58
9898	51
9902	42
9906	49
9910	90
9914	125
9918	91
9922	108
9926	82
9930	55
9934	76
9938	69
9942	103
9946	194
9950	116
9954	124
9958	130
9962	64
9966	56
9970	110
9974	76
9978	45
9982	158
9986	73
9990	102
9994	119
9998	82
3	112
7	95
11	77
15	138
19	87
23	149
27	69
31	115
35	41
39	57
43	58
47	66
51	103
55	85
59	58
63	97
67	141
71	91
75	89
79	88
83	52
87	63
91	65
95	56
99	61
103	85
107	67
111	48
115	98
119	88
123	105
127	110
131	140
135	58
139	35
143	42
147	51
151	69
155	90
159	55
163	148
167	52
171	49
175	67
179	42
183	70
187	118
191	54
195	54
199	92
203	53
207	78
211	71
215	63
219	42
223	124
227	94
231	28
235	104
239	54
243	76
247	82
251	86
255	78
259	130
263	60
267	63
271	106
275	58
279	121
283	58
287	51
291	40
295	109
299	96
303	69
307	119
311	63
315	108
319	62
323	41
327	45
331	75
335	68
339	62
343	66
347	100
351	75
355	34
359	83
363	35
367	50
371	103
375	98
379	152
383	36
387	106
391	90
395	92
399	87
403	95
407	120
411	139
415	57
419	64
423	125
427	74
431	71
435	70
439	135
443	29
447	88
451	32
455	65
459	79
463	72
467	80
471	121
475	22
479	48
483	66
487	64
491	107
495	97
499	55
503	86
507	70
511	87
515	60
519	106
523	62
527	130
531	104
535	77
539	88
543	62
547	106
551	106
555	49
559	85
563	122
567	111
571	120
575	81
579	97
583	76
587	106
591	99
595	98
599	61
603	77
607	83
611	69
615	89
619	94
623	101
627	58
631	57
635	83
639	43
643	79
647	65
651	107
655	118
659	33
663	120
667	91
671	30
675	122
679	68
683	117
687	45
691	99
695	69
699	79
703	73
707	45
711	59
715	85
719	69
723	87
727	75
731	104
735	52
739	107
743	49
747	64
751	85
755	50
759	84
763	34
767	126
771	83
775	72
779	58
783	35
787	88
791	55
795	69
799	95
803	103
807	47
811	55
815	46
819	85
823	68
827	68
831	97
835	35
839	66
843	44
847	68
851	81
855	101
859	38
863	75
867	103
871	79
875	80
879	62
883	73
887	65
891	25
895	86
899	67
903	92
907	109
911	83
915	42
919	56
923	78
927	78
931	67
935	130
939	45
943	60
947	96
951	78
955	100
959	62
963	39
967	81
971	109
975	54
979	112
983	74
987	128
991	37
995	79
999	88
1003	129
1007	61
1011	109
1015	84
1019	40
1023	124
1027	70
1031	69
1035	33
1039	83
1043	90
1047	128
1051	48
1055	66
1059	48
1063	107
1067	104
1071	30
1075	61
1079	72
1083	93
1087	83
1091	88
1095	76
1099	105
1103	86
1107	90
1111	99
1115	45
1119	140
1123	86
1127	84
1131	75
1135	76
1139	115
1143	84
1147	50
1151	88
1155	111
1159	94
1163	96
1167	79
1171	99
1175	65
1179	69
1183	51
1187	98
1191	99
1195	74
1199	99
1203	141
1207	56
1211	61
1215	99
1219	105
1223	23
1227	149
1231	69
1235	44
1239	44
1243	125
1247	101
1251	30
1255	81
1259	39
1263	51
1267	54
1271	64
1275	94
1279	84
1283	84
1287	109
1291	52
1295	23
1299	128
1303	74
1307	73
1311	58
1315	39
1319	34
1323	127
1327	108
1331	68
1335	147
1339	70
1343	97
1347	125
1351	30
1355	92
1359	95
1363	45
1367	117
1371	85
1375	67
1379	143
1383	76
1387	132
1391	54
1395	61
1399	91
1403	57
1407	91
1411	78
1415	92
1419	79
1423	90
1427	89
1431	92
1435	69
1439	93
1443	98
1447	75
1451	78
1455	52
1459	72
1463	104
1467	60
1471	99
1475	52
1479	73
1483	122
1487	33
1491	71
1495	37
1499	41
1503	94
1507	90
1511	75
1515	100
1519	65
1523	69
1527	56
1531	26
1535	84
1539	79
1543	119
1547	31
1551	76
1555	80
1559	71
1563	80
1567	84
1571	41
1575	97
1579	50
1583	41
1587	73
1591	61
1595	77
1599	43
1603	77
1607	74
1611	109
1615	63
1619	69
1623	126
1627	90
1631	79
1635	75
1639	107
1643	93
1647	68
1651	132
1655	137
1659	131
1663	85
1667	25
1671	100
1675	68
1679	87
1683	75
1687	81
1691	74
1695	43
1699	73
1703	65
1707	95
1711	46
1715	84
1719	81
1723	77
1727	87
1731	79
1735	57
1739	41
1743	87
1747	56
1751	85
1755	33
1759	94
1763	82
1767	84
1771	139
1775	62
1779	95
1783	92
1787	109
1791	141
1795	108
1799	44
1803	53
1807	83
1811	76
1815	69
1819	48
1823	73
1827	64
1831	42
1835	92
1839	74
1843	95
1847	44
1851	123
1855	48
1859	57
1863	35
1867	102
1871	105
1875	94
1879	97
1883	107
1887	58
1891	86
1895	69
1899	59
1903	91
1907	41
1911	145
1915	53
1919	130
1923	28
1927	24
1931	95
1935	51
1939	108
1943	120
1947	62
1951	140
1955	106
1959	75
1963	55
1967	57
1971	147
1975	55
1979	144
1983	64
1987	38
1991	38
1995	86
1999	83
2003	56
2007	66
2011	122
2015	116
2019	38
2023	157
2027	52
2031	64
2035	113
2039	78
2043	59
2047	88
2051	96
2055	84
2059	46
2063	71
2067	57
2071	48
2075	106
2079	54
2083	99
2087	59
2091	79
2095	131
2099	51
2103	73
2107	37
2111	52
2115	47
2119	98
2123	79
2127	70
2131	70
2135	123
2139	67
2143	12
2147	79
2151	79
2155	51
2159	69
2163	107
2167	42
2171	26
2175	80
2179	40
2183	90
2187	64
2191	71
2195	83
2199	95
2203	84
2207	105
2211	98
2215	72
2219	20
2223	147
2227	122
2231	99
2235	87
2239	87
2243	87
2247	130
2251	50
2255	118
2259	88
2263	148
2267	98
2271	70
2275	160
2279	57
2283	42
2287	71
2291	97
2295	68
2299	59
2303	104
2307	76
2311	38
2315	80
2319	89
2323	64
2327	51
2331	94
2335	96
2339	80
2343	83
2347	152
2351	62
2355	103
2359	159
2363	90
2367	44
2371	65
2375	69
2379	59
2383	92
2387	54
2391	49
2395	186
2399	41
2403	81
2407	110
2411	88
2415	75
2419	87
2423	119
2427	56
2431	44
2435	52
2439	108
2443	56
2447	44
2451	73
2455	80
2459	133
2463	109
2467	147
2471	54
2475	65
2479	91
2483	78
2487	112
2491	89
2495	86
2499	153
2503	64
2507	136
2511	103
2515	75
2519	95
2523	58
2527	84
2531	39
2535	44
2539	125
2543	71
2547	34
2551	35
2555	98
2559	106
2563	119
2567	75
2571	71
2575	76
2579	86
2583	143
2587	46
2591	76
2595	74
2599	97
2603	65
2607	141
2611	161
2615	58
2619	68
2623	95
2627	74
2631	72
2635	89
2639	96
2643	96
2647	52
2651	58
2655	67
2659	63
2663	69
2667	79
2671	107
2675	87
2679	134
2683	31
2687	75
2691	112
2695	70
2699	21
2703	48
2707	75
2711	130
2715	95
2719	43
2723	101
2727	35
2731	128
2735	85
2739	92
2743	137
2747	101
2751	137
2755	55
2759	98
2763	119
2767	52
2771	87
2775	140
2779	87
2783	54
2787	73
2791	45
2795	115
2799	106
2803	92
2807	101
2811	82
2815	115
2819	97
2823	62
2827	47
2831	53
2835	102
2839	49
2843	88
2847	56
2851	90
2855	172
2859	49
2863	102
2867	109
2871	68
2875	108
2879	87
2883	148
2887	77
2891	65
2895	82
2899	148
2903	87
2907	58
2911	63
2915	102
2919	62
2923	116
2927	72
2931	105
2935	79
2939	72
2943	79
2947	55
2951	48
2955	104
2959	86
2963	119
2967	119
2971	73
2975	81
2979	121
2983	102
2987	54
2991	118
2995	42
2999	40
3003	154
3007	88
3011	70
3015	40
3019	70
3023	50
3027	101
3031	72
3035	39
3039	50
3043	57
3047	110
3051	44
3055	51
3059	77
3063	112
3067	71
3071	27
3075	38
3079	89
3083	103
3087	81
3091	72
3095	28
3099	46
3103	20
3107	97
3111	112
3115	83
3119	41
3123	96
3127	82
3131	61
3135	56
3139	88
3143	48
3147	109
3151	53
3155	114
3159	91
3163	100
3167	61
3171	170
3175	114
3179	101
3183	58
3187	84
3191	56
3195	75
3199	46
3203	60
3207	62
3211	59
3215	46
3219	76
3223	142
3227	88
3231	48
3235	89
3239	111
3243	109
3247	94
3251	65
3255	44
3259	38
3263	121
3267	99
3271	76
3275	77
3279	47
3283	44
3287	69
3291	74
3295	122
3299	117
3303	86
3307	96
3311	49
3315	83
3319	96
3323	117
3327	72
3331	73
3335	92
3339	77
3343	62
3347	70
3351	77
3355	99
3359	64
3363	76
3367	108
3371	67
3375	121
3379	94
3383	15
3387	71
3391	95
3395	64
3399	62
3403	103
3407	65
3411	132
3415	88
3419	58
3423	84
3427	83
3431	80
3435	25
3439	102
3443	50
3447	100
3451	97
3455	35
3459	41
3463	68
3467	61
3471	146
3475	63
3479	82
3483	57
3487	70
3491	61
3495	144
3499	132
3503	59
3507	51
3511	110
3515	104
3519	43
3523	90
3527	66
3531	82
3535	127
3539	149
3543	90
3547	41
3551	57
3555	43
3559	50
3563	115
3567	117
3571	121
3575	34
3579	40
3583	73
3587	82
3591	122
3595	96
3599	63
3603	68
3607	83
3611	126
3615	69
3619	66
3623	146
3627	95
3631	87
3635	58
3639	81
3643	112
3647	110
3651	62
3655	90
3659	45
3663	37
3667	77
3671	89
3675	94
3679	87
3683	62
3687	56
3691	101
3695	156
3699	87
3703	164
3707	50
3711	64
3715	86
3719	95
3723	30
3727	114
3731	68
3735	67
3739	38
3743	84
3747	99
3751	42
3755	39
3759	120
3763	107
3767	59
3771	55
3775	95
3779	93
3783	92
3787	105
3791	87
3795	56
3799	111
3803	74
3807	80
3811	91
3815	55
3819	90
3823	87
3827	81
3831	106
3835	101
3839	69
3843	37
3847	107
3851	96
3855	47
3859	119
3863	113
3867	118
3871	93
3875	64
3879	51
3883	74
3887	32
3891	65
3895	52
3899	69
3903	88
3907	57
3911	69
3915	95
3919	64
3923	49
3927	77
3931	77
3935	72
3939	45
3943	175
3947	117
3951	61
3955	85
3959	95
3963	79
3967	131
3971	80
3975	63
3979	65
3983	113
3987	64
3991	105
3995	85
3999	107
4003	120
4007	66
4011	87
4015	75
4019	60
4023	86
4027	96
4031	89
4035	86
4039	70
4043	70
4047	62
4051	39
4055	60
4059	55
4063	76
4067	45
4071	35
4075	60
4079	83
4083	77
4087	36
4091	66
4095	55
4099	124
4103	108
4107	50
4111	76
4115	65
4119	72
4123	70
4127	42
4131	56
4135	96
4139	88
4143	88
4147	56
4151	85
4155	79
4159	53
4163	45
4167	118
4171	50
4175	88
4179	61
4183	54
4187	49
4191	92
4195	103
4199	105
4203	109
4207	88
4211	69
4215	83
4219	67
4223	51
4227	54
4231	103
4235	103
4239	120
4243	110
4247	62
4251	62
4255	46
4259	84
4263	138
4267	86
4271	59
4275	92
4279	79
4283	88
4287	83
4291	81
4295	87
4299	80
4303	55
4307	133
4311	82
4315	63
4319	61
4323	46
4327	49
4331	37
4335	101
4339	81
4343	87
4347	52
4351	103
4355	60
4359	75
4363	36
4367	39
4371	62
4375	33
4379	75
4383	72
4387	71
4391	84
4395	70
4399	112
4403	138
4407	124
4411	86
4415	94
4419	75
4423	48
4427	17
4431	88
4435	128
4439	108
4443	55
4447	82
4451	45
4455	75
4459	65
4463	100
4467	71
4471	85
4475	45
4479	104
4483	57
4487	71
4491	114
4495	87
4499	59
4503	41
4507	63
4511	102
4515	144
4519	100
4523	79
4527	166
4531	33
4535	74
4539	87
4543	93
4547	73
4551	63
4555	85
4559	49
4563	98
4567	86
4571	112
4575	60
4579	91
4583	73
4587	47
4591	112
4595	117
4599	60
4603	110
4607	107
4611	67
4615	110
4619	34
4623	100
4627	138
4631	148
4635	79
4639	19
4643	89
4647	64
4651	80
4655	92
4659	29
4663	51
4667	80
4671	79
4675	100
4679	111
4683	58
4687	73
4691	70
4695	89
4699	28
4703	81
4707	65
4711	68
4715	40
4719	61
4723	42
4727	87
4731	114
4735	66
4739	100
4743	105
4747	74
4751	45
4755	55
4759	75
4763	127
4767	88
4771	77
4775	29
4779	115
4783	44
4787	77
4791	125
4795	116
4799	79
4803	23
4807	65
4811	174
4815	116
4819	70
4823	65
4827	75
4831	97
4835	48
4839	90
4843	13
4847	57
4851	73
4855	103
4859	53
4863	138
4867	55
4871	61
4875	89
4879	55
4883	64
4887	67
4891	89
4895	57
4899	43
4903	69
4907	87
4911	74
4915	63
4919	100
4923	126
4927	74
4931	69
4935	51
4939	113
4943	86
4947	106
4951	68
4955	85
4959	53
4963	65
4967	80
4971	69
4975	89
4979	61
4983	42
4987	79
4991	44
4995	76
4999	68
5003	59
5007	101
5011	74
5015	81
5019	73
5023	58
5027	85
5031	66
5035	89
5039	110
5043	87
5047	95
5051	80
5055	92
5059	42
5063	89
5067	95
5071	85
5075	144
5079	67
5083	89
5087	93
5091	37
5095	78
5099	61
5103	63
5107	122
5111	47
5115	81
5119	44
5123	55
5127	78
5131	80
5135	103
5139	150
5143	41
5147	69
5151	84
5155	70
5159	16
5163	41
5167	81
5171	50
5175	61
5179	106
5183	32
5187	56
5191	63
5195	59
5199	67
5203	104
5207	89
5211	64
5215	69
5219	103
5223	49
5227	62
5231	117
5235	73
5239	74
5243	84
5247	63
5251	86
5255	87
5259	106
5263	93
5267	114
5271	99
5275	58
5279	81
5283	99
5287	24
5291	54
5295	100
5299	25
5303	76
5307	124
5311	84
5315	83
5319	59
5323	53
5327	121
5331	81
5335	77
5339	105
5343	114
5347	57
5351	33
5355	88
5359	87
5363	123
5367	76
5371	87
5375	94
5379	60
5383	75
5387	116
5391	124
5395	77
5399	113
5403	84
5407	98
5411	65
5415	60
5419	123
5423	128
5427	50
5431	37
5435	102
5439	78
5443	60
5447	64
5451	81
5455	80
5459	47
5463	149
5467	84
5471	52
5475	100
5479	84
5483	139
5487	63
5491	62
5495	69
5499	42
5503	94
5507	73
5511	58
5515	95
5519	125
5523	85
5527	69
5531	80
5535	121
5539	91
5543	37
5547	76
5551	124
5555	67
5559	65
5563	78
5567	80
5571	76
5575	80
5579	80
5583	37
5587	86
5591	58
5595	60
5599	75
5603	51
5607	79
5611	94
5615	54
5619	41
5623	118
5627	85
5631	82
5635	112
5639	50
5643	74
5647	83
5651	90
5655	76
5659	43
5663	94
5667	76
5671	120
5675	23
5679	92
5683	142
5687	98
5691	29
5695	75
5699	122
5703	91
5707	63
5711	73
5715	117
5719	116
5723	73
5727	86
5731	83
5735	86
5739	59
5743	118
5747	42
5751	36
5755	81
5759	76
5763	84
5767	60
5771	86
5775	58
5779	103
5783	57
5787	140
5791	75
5795	42
5799	67
5803	38
5807	28
5811	30
5815	67
5819	25
5823	53
5827	93
5831	48
5835	67
5839	56
5843	101
5847	99
5851	27
5855	67
5859	68
5863	87
5867	111
5871	49
5875	65
5879	95
5883	152
5887	60
5891	87
5895	94
5899	42
5903	93
5907	104
5911	58
5915	67
5919	55
5923	60
5927	88
5931	60
5935	93
5939	130
5943	73
5947	75
5951	91
5955	71
5959	111
5963	26
5967	46
5971	94
5975	65
5979	89
5983	36
5987	64
5991	85
5995	97
5999	68
6003	127
6007	73
6011	185
6015	46
6019	64
6023	105
6027	98
6031	76
6035	108
6039	123
6043	56
6047	77
6051	29
6055	104
6059	79
6063	131
6067	69
6071	65
6075	61
6079	56
6083	50
6087	110
6091	98
6095	89
6099	70
6103	106
6107	67
6111	39
6115	101
6119	57
6123	94
6127	80
6131	99
6135	98
6139	27
6143	71
6147	80
6151	83
6155	70
6159	108
6163	23
6167	25
6171	93
6175	55
6179	87
6183	81
6187	71
6191	75
6195	124
6199	113
6203	87
6207	73
6211	73
6215	97
6219	67
6223	55
6227	49
6231	29
6235	51
6239	56
6243	78
6247	68
6251	100
6255	91
6259	50
6263	59
6267	125
6271	119
6275	100
6279	76
6283	106
6287	121
6291	97
6295	66
6299	136
6303	123
6307	77
6311	50
6315	93
6319	41
6323	105
6327	60
6331	74
6335	74
6339	108
6343	94
6347	96
6351	38
6355	57
6359	78
6363	112
6367	112
6371	65
6375	58
6379	68
6383	42
6387	80
6391	81
6395	64
6399	94
6403	105
6407	121
6411	77
6415	83
6419	70
6423	85
6427	100
6431	57
6435	110
6439	86
6443	102
6447	128
6451	79
6455	72
6459	66
6463	144
6467	73
6471	103
6475	112
6479	58
6483	59
6487	41
6491	79
6495	105
6499	56
6503	92
6507	83
6511	126
6515	66
6519	103
6523	109
6527	71
6531	132
6535	52
6539	63
6543	107
6547	84
6551	49
6555	118
6559	113
6563	93
6567	81
6571	86
6575	93
6579	120
6583	47
6587	52
6591	71
6595	65
6599	102
6603	87
6607	79
6611	72
6615	75
6619	47
6623	51
6627	106
6631	52
6635	86
6639	98
6643	35
6647	76
6651	42
6655	58
6659	81
6663	90
6667	75
6671	84
6675	91
6679	134
6683	36
6687	85
6691	115
6695	60
6699	70
6703	84
6707	91
6711	99
6715	86
6719	82
6723	110
6727	129
6731	87
6735	76
6739	98
6743	90
6747	77
6751	46
6755	80
6759	54
6763	57
6767	117
6771	100
6775	68
6779	89
6783	121
6787	116
6791	56
6795	59
6799	67
6803	55
6807	100
6811	66
6815	73
6819	149
6823	117
6827	79
6831	55
6835	80
6839	72
6843	98
6847	103
6851	80
6855	116
6859	112
6863	102
6867	112
6871	89
6875	65
6879	74
6883	98
6887	65
6891	72
6895	77
6899	45
6903	59
6907	76
6911	77
6915	113
6919	59
6923	64
6927	60
6931	133
6935	66
6939	93
6943	116
6947	61
6951	45
6955	62
6959	83
6963	177
6967	121
6971	89
6975	85
6979	98
6983	88
6987	83
6991	70
6995	96
6999	82
7003	55
7007	71
7011	119
7015	71
7019	107
7023	90
7027	148
7031	34
7035	59
7039	43
7043	62
7047	75
7051	89
7055	83
7059	81
7063	85
7067	86
7071	110
7075	90
7079	92
7083	28
7087	72
7091	50
7095	57
7099	55
7103	22
7107	57
7111	139
7115	65
7119	73
7123	106
7127	94
7131	115
7135	25
7139	100
7143	137
7147	60
7151	100
7155	67
7159	40
7163	47
7167	103
7171	42
7175	111
7179	37
7183	96
7187	80
7191	61
7195	51
7199	81
7203	142
7207	91
7211	87
7215	108
7219	115
7223	91
7227	73
7231	80
7235	115
7239	94
7243	118
7247	71
7251	100
7255	149
7259	76
7263	57
7267	72
7271	48
7275	115
7279	73
7283	46
7287	28
7291	40
7295	62
7299	64
7303	57
7307	141
7311	102
7315	81
7319	58
7323	139
7327	102
7331	130
7335	87
7339	61
7343	111
7347	122
7351	56
7355	82
7359	84
7363	77
7367	106
7371	101
7375	50
7379	77
7383	73
7387	112
7391	79
7395	83
7399	62
7403	105
7407	59
7411	82
7415	144
7419	138
7423	100
7427	111
7431	52
7435	62
7439	90
7443	102
7447	83
7451	117
7455	59
7459	60
7463	39
7467	66
7471	84
7475	79
7479	39
7483	115
7487	108
7491	64
7495	83
7499	46
7503	74
7507	80
7511	53
7515	76
7519	110
7523	107
7527	54
7531	36
7535	91
7539	59
7543	129
7547	64
7551	59
7555	61
7559	113
7563	49
7567	79
7571	65
7575	48
7579	36
7583	52
7587	22
7591	111
7595	70
7599	76
7603	83
7607	44
7611	94
7615	62
7619	96
7623	96
7627	107
7631	183
7635	38
7639	71
7643	131
7647	99
7651	55
7655	88
7659	49
7663	78
7667	91
7671	106
7675	118
7679	57
7683	106
7687	54
7691	70
7695	67
7699	88
7703	52
7707	47
7711	55
7715	58
7719	133
7723	80
7727	73
7731	35
7735	118
7739	89
7743	99
7747	89
7751	103
7755	98
7759	61
7763	105
7767	113
7771	70
7775	60
7779	41
7783	82
7787	82
7791	60
7795	104
7799	55
7803	81
7807	118
7811	46
7815	113
7819	58
7823	103
7827	58
7831	58
7835	87
7839	114
7843	74
7847	106
7851	105
7855	115
7859	88
7863	109
7867	37
7871	189
7875	146
7879	61
7883	65
7887	148
7891	66
7895	66
7899	66
7903	85
7907	57
7911	136
7915	56
7919	125
7923	123
7927	80
7931	65
7935	92
7939	88
7943	56
7947	65
7951	62
7955	54
7959	119
7963	62
7967	60
7971	47
7975	25
7979	73
7983	71
7987	73
7991	84
7995	68
7999	68
8003	106
8007	107
8011	98
8015	74
8019	47
8023	81
8027	48
8031	29
8035	48
8039	75
8043	33
8047	80
8051	102
8055	67
8059	132
8063	133
8067	70
8071	57
8075	69
8079	93
8083	91
8087	80
8091	80
8095	89
8099	79
8103	142
8107	25
8111	98
8115	68
8119	20
8123	71
8127	79
8131	55
8135	7
8139	71
8143	93
8147	60
8151	90
8155	109
8159	77
8163	87
8167	59
8171	46
8175	32
8179	54
8183	52
8187	52
8191	121
8195	76
8199	91
8203	83
8207	35
8211	85
8215	108
8219	68
8223	74
8227	49
8231	86
8235	36
8239	70
8243	94
8247	28
8251	39
8255	69
8259	103
8263	112
8267	122
8271	88
8275	125
8279	94
8283	76
8287	82
8291	63
8295	45
8299	83
8303	84
8307	145
8311	79
8315	22
8319	81
8323	127
8327	45
8331	71
8335	109
8339	57
8343	93
8347	65
8351	37
8355	68
8359	123
8363	79
8367	48
8371	69
8375	40
8379	64
8383	81
8387	148
8391	99
8395	29
8399	115
8403	77
8407	54
8411	54
8415	37
8419	51
8423	33
8427	102
8431	135
8435	71
8439	16
8443	50
8447	60
8451	87
8455	73
8459	69
8463	87
8467	40
8471	106
8475	94
8479	50
8483	148
8487	46
8491	81
8495	70
8499	74
8503	73
8507	79
8511	37
8515	57
8519	51
8523	103
8527	84
8531	93
8535	69
8539	105
8543	42
8547	82
8551	115
8555	71
8559	154
8563	48
8567	58
8571	59
8575	103
8579	98
8583	90
8587	44
8591	82
8595	80
8599	130
8603	92
8607	61
8611	53
8615	93
8619	64
8623	58
8627	86
8631	40
8635	126
8639	125
8643	50
8647	111
8651	134
8655	100
8659	44
8663	47
8667	82
8671	68
8675	76
8679	108
8683	66
8687	82
8691	67
8695	65
8699	89
8703	114
8707	71
8711	47
8715	97
8719	75
8723	57
8727	105
8731	92
8735	70
8739	171
8743	74
8747	77
8751	62
8755	39
8759	32
8763	118
8767	94
8771	61
8775	88
8779	77
8783	96
8787	102
8791	91
8795	82
8799	68
8803	54
8807	74
8811	62
8815	84
8819	64
8823	78
8827	66
8831	52
8835	90
8839	47
8843	52
8847	110
8851	107
8855	69
8859	77
8863	102
8867	136
8871	73
8875	52
8879	37
8883	149
8887	87
8891	44
8895	99
8899	107
8903	94
8907	42
8911	71
8915	71
8919	97
8923	64
8927	111
8931	65
8935	105
8939	36
8943	125
8947	64
8951	73
8955	41
8959	132
8963	75
8967	59
8971	66
8975	139
8979	119
8983	67
8987	90
8991	118
8995	19
8999	104
9003	72
9007	66
9011	84
9015	73
9019	43
9023	82
9027	52
9031	106
9035	89
9039	106
9043	44
9047	49
9051	38
9055	44
9059	75
9063	44
9067	135
9071	78
9075	58
9079	85
9083	50
9087	79
9091	64
9095	62
9099	84
9103	147
9107	95
9111	115
9115	112
9119	113
9123	68
9127	78
9131	85
9135	44
9139	77
9143	80
9147	78
9151	145
9155	85
9159	82
9163	80
9167	61
9171	69
9175	100
9179	60
9183	123
9187	145
9191	85
9195	49
9199	76
9203	63
9207	97
9211	39
9215	108
9219	102
9223	78
9227	40
9231	73
9235	75
9239	100
9243	90
9247	88
9251	23
9255	52
9259	49
9263	62
9267	64
9271	74
9275	18
9279	39
9283	91
9287	37
9291	85
9295	47
9299	120
9303	69
9307	78
9311	83
9315	16
9319	74
9323	69
9327	86
9331	106
9335	44
9339	97
9343	70
9347	130
9351	119
9355	67
9359	91
9363	54
9367	135
9371	68
9375	73
9379	50
9383	51
9387	106
9391	57
9395	43
9399	91
9403	52
9407	49
9411	40
9415	60
9419	104
9423	146
9427	73
9431	103
9435	52
9439	75
9443	75
9447	96
9451	41
9455	64
9459	50
9463	98
9467	35
9471	59
9475	55
9479	53
9483	54
9487	96
9491	93
9495	113
9499	40
9503	69
9507	80
9511	79
9515	96
9519	153
9523	56
9527	79
9531	45
9535	99
9539	41
9543	25
9547	88
9551	34
9555	45
9559	93
9563	87
9567	78
9571	83
9575	108
9579	78
9583	92
9587	50
9591	60
9595	59
9599	94
9603	46
9607	55
9611	71
9615	87
9619	83
9623	40
9627	67
9631	88
9635	109
9639	78
9643	47
9647	60
9651	58
9655	147
9659	83
9663	110
9667	82
9671	40
9675	37
9679	58
9683	49
9687	71
9691	46
9695	114
9699	59
9703	44
9707	21
9711	86
9715	78
9719	63
9723	68
9727	102
9731	81
9735	113
9739	30
9743	123
9747	65
9751	138
9755	93
9759	31
9763	24
9767	98
9771	100
9775	42
9779	83
9783	85
9787	71
9791	51
9795	106
9799	26
9803	82
9807	60
9811	75
9815	160
9819	80
9823	110
9827	76
9831	125
9835	130
9839	80
9843	106
9847	191
9851	32
9855	113
9859	84
9863	34
9867	97
9871	110
9875	59
9879	84
9883	96
9887	45
9891	96
9895	62
9899	80
9903	78
9907	27
9911	69
9915	104
9919	138
9923	101
9927	98
9931	95
9935	98
9939	74
9943	91
9947	35
9951	99
9955	93
9959	112
9963	124
9967	43
9971	103
9975	84
9979	74
9983	114
9987	112
9991	94
9995	117
9999	72
